3 0.1890625 0.2453125 0.25 0.225
3 0.1171875 0.5328125 0.2125 0.271875
3 0.26875 0.6890625 0.21796875 0.225
3 0.40390625 0.553125 0.09609375 0.32421875
3 0.5109375 0.55 0.20234375 0.39765625
3 0.55546875 0.553125 0.12265625 0.3109375
3 0.7953125 0.3640625 0.39921875 0.278125
3 0.715625 0.18515625 0.090625 0.18515625
3 0.07734375 0.71484375 0.10078125 0.1328125
3 0.36171875 0.8609375 0.234375 0.26484375
3 0.696875 0.771875 0.2125 0.23203125
3 0.8296875 0.56640625 0.159375 0.1921875
3 0.4546875 0.1453125 0.27109375 0.15859375
3 0.27890625 0.40703125 0.1859375 0.25859375
3 0.890625 0.82109375 0.2078125 0.34453125
3 0.73125 0.07578125 0.15390625 0.12578125