3 0.1640625 0.2640625 0.2671875 0.2453125
3 0.1109375 0.5640625 0.221875 0.290625
3 0.26875 0.71796875 0.234375 0.24375
3 0.40078125 0.5703125 0.115625 0.340625
3 0.50859375 0.56171875 0.228125 0.421875
3 0.5546875 0.56171875 0.1421875 0.328125
3 0.7890625 0.35390625 0.421875 0.3078125
3 0.6984375 0.17421875 0.1015625 0.1953125
3 0.075 0.75546875 0.109375 0.1421875
3 0.37265625 0.8734375 0.2515625 0.253125
3 0.71015625 0.78046875 0.2296875 0.2515625
3 0.83515625 0.56171875 0.1734375 0.20625
3 0.4296875 0.146875 0.2859375 0.178125
3 0.26484375 0.4265625 0.203125 0.2765625
3 0.89765625 0.8109375 0.2046875 0.346875
3 0.70859375 0.06484375 0.1640625 0.1296875