3 0.15859375 0.24375 0.275 0.2484375
3 0.10546875 0.55234375 0.2109375 0.2953125
3 0.26015625 0.7125 0.240625 0.246875
3 0.4 0.5640625 0.1140625 0.3484375
3 0.5140625 0.55546875 0.2296875 0.4296875
3 0.56171875 0.5578125 0.1421875 0.3359375
3 0.7953125 0.34921875 0.4078125 0.309375
3 0.71875 0.1609375 0.103125 0.2
3 0.059375 0.746875 0.10625 0.14375
3 0.3640625 0.87265625 0.259375 0.2546875
3 0.7203125 0.784375 0.2359375 0.253125
3 0.8546875 0.56171875 0.1765625 0.209375
3 0.43828125 0.128125 0.2953125 0.178125
3 0.2609375 0.41328125 0.209375 0.28125
3 0.90546875 0.81640625 0.1890625 0.3453125
3 0.73125 0.05703125 0.16875 0.1140625