3 0.18984375 0.159375 0.325 0.28515625
3 0.553125 0.0875 0.109375 0.0953125
3 0.5625 0.2140625 0.271875 0.221875
3 0.7765625 0.1859375 0.20703125 0.2109375
3 0.91171875 0.19921875 0.09296875 0.15
3 0.94921875 0.328125 0.096875 0.23828125
3 0.82890625 0.3453125 0.18125 0.2046875
3 0.653125 0.47890625 0.15390625 0.24453125
3 0.85859375 0.55625 0.278125 0.221875
3 0.45078125 0.38046875 0.23828125 0.1625
3 0.45859375 0.4765625 0.20078125 0.16875
3 0.37265625 0.59921875 0.246875 0.26171875
3 0.56953125 0.740625 0.23203125 0.396875
3 0.48828125 0.94296875 0.29296875 0.109375
3 0.75625 0.815625 0.19609375 0.19609375
3 0.87421875 0.75859375 0.17109375 0.29296875
3 0.71015625 0.9359375 0.1921875 0.12421875
3 0.20859375 0.83046875 0.31640625 0.246875
3 0.16484375 0.4453125 0.265625 0.15625
3 0.340625 0.2609375 0.18359375 0.12421875