3 0.15625 0.23828125 0.3125 0.3546875
3 0.4609375 0.08515625 0.1296875 0.11875
3 0.49921875 0.2078125 0.31875 0.28125
3 0.70390625 0.13046875 0.2515625 0.25625
3 0.840625 0.11328125 0.125 0.16875
3 0.90390625 0.2328125 0.14375 0.25625
3 0.7921875 0.27578125 0.225 0.24375
3 0.64921875 0.44765625 0.2078125 0.2765625
3 0.85234375 0.47734375 0.2953125 0.2796875
3 0.4265625 0.39765625 0.271875 0.215625
3 0.45703125 0.48984375 0.2359375 0.2125
3 0.39921875 0.63046875 0.303125 0.3140625
3 0.6265625 0.725 0.31875 0.44375
3 0.590625 0.92734375 0.3125 0.1453125
3 0.828125 0.75625 0.2375 0.2375
3 0.90625 0.6734375 0.1875 0.328125
3 0.80859375 0.88203125 0.215625 0.1578125
3 0.290625 0.86875 0.36875 0.2625
3 0.159375 0.52578125 0.2984375 0.2140625
3 0.29140625 0.30390625 0.209375 0.1640625