3 0.1890625 0.1453125 0.35 0.290625
3 0.57734375 0.06796875 0.11875 0.103125
3 0.58515625 0.20234375 0.29375 0.240625
3 0.8125 0.17578125 0.2234375 0.228125
3 0.95234375 0.19296875 0.0953125 0.1609375
3 0.9703125 0.33046875 0.059375 0.2546875
3 0.86640625 0.34609375 0.196875 0.2203125
3 0.67578125 0.48515625 0.16875 0.2625
3 0.87109375 0.56953125 0.2578125 0.2390625
3 0.46328125 0.37734375 0.25625 0.1765625
3 0.46953125 0.47890625 0.215625 0.1828125
3 0.3765625 0.6078125 0.2671875 0.2828125
3 0.5828125 0.76171875 0.2546875 0.4265625
3 0.4921875 0.95703125 0.3125 0.0859375
3 0.7796875 0.84453125 0.2125 0.2125
3 0.90546875 0.7859375 0.184375 0.3140625
3 0.728125 0.9515625 0.20625 0.096875
3 0.19765625 0.85 0.340625 0.26875
3 0.1578125 0.43984375 0.2859375 0.1703125
3 0.34921875 0.24765625 0.196875 0.1359375