3 0.10234375 0.32265625 0.171875 0.1453125
3 0.259375 0.47890625 0.25625 0.1703125
3 0.23828125 0.30546875 0.1859375 0.1875
3 0.44921875 0.25390625 0.3359375 0.3125
3 0.359375 0.11953125 0.24375 0.1421875
3 0.48984375 0.05703125 0.1453125 0.1140625
3 0.65546875 0.16875 0.175 0.20625
3 0.7765625 0.3390625 0.2328125 0.221875
3 0.62421875 0.38671875 0.209375 0.159375
3 0.446875 0.41640625 0.23125 0.178125
3 0.51171875 0.5015625 0.1921875 0.2078125
3 0.67421875 0.5859375 0.18125 0.1703125
3 0.5125 0.74453125 0.2734375 0.25625
3 0.73125 0.7765625 0.3875 0.4359375
3 0.290625 0.62265625 0.2625 0.190625
3 0.85 0.10390625 0.2375 0.20625
3 0.11328125 0.7421875 0.2015625 0.2484375
3 0.45 0.8640625 0.246875 0.2