3 0.16640625 0.32421875 0.14609375 0.11875
3 0.2953125 0.48125 0.2234375 0.13359375
3 0.2921875 0.32109375 0.15546875 0.15546875
3 0.4890625 0.29453125 0.2828125 0.25859375
3 0.42109375 0.16328125 0.2140625 0.109375
3 0.546875 0.0953125 0.12421875 0.13984375
3 0.68671875 0.23671875 0.14296875 0.17421875
3 0.78125 0.403125 0.1953125 0.18359375
3 0.63671875 0.43125 0.18046875 0.12734375
3 0.471875 0.4421875 0.1984375 0.14296875
3 0.5234375 0.5265625 0.15859375 0.17421875
3 0.66328125 0.61875 0.15234375 0.13984375
3 0.5 0.74765625 0.2296875 0.21171875
3 0.696875 0.79921875 0.31953125 0.37109375
3 0.309375 0.615625 0.2265625 0.15234375
3 0.88359375 0.19609375 0.2265625 0.16796875
3 0.12421875 0.70703125 0.18671875 0.21171875
3 0.43203125 0.85078125 0.2109375 0.16171875