3 0.20703125 0.225 0.184375 0.1625
3 0.30078125 0.42421875 0.26875 0.2
3 0.33984375 0.2546875 0.203125 0.2046875
3 0.55390625 0.278125 0.3640625 0.3453125
3 0.51640625 0.12265625 0.253125 0.1703125
3 0.6625 0.09296875 0.1625 0.159375
3 0.77578125 0.26953125 0.1953125 0.2203125
3 0.83125 0.46875 0.253125 0.24375
3 0.67265625 0.4609375 0.221875 0.18125
3 0.496875 0.4296875 0.2453125 0.203125
3 0.528125 0.53125 0.2125 0.225
3 0.65078125 0.66484375 0.1953125 0.1875
3 0.44609375 0.7578125 0.296875 0.2828125
3 0.640625 0.8125 0.428125 0.375
3 0.28046875 0.56953125 0.278125 0.2203125
3 0.92578125 0.271875 0.1484375 0.225
3 0.09375 0.6171875 0.1875 0.271875
3 0.346875 0.8484375 0.2640625 0.225