3 0.17265625 0.3125 0.19609375 0.2015625
3 0.23125 0.4890625 0.1875 0.23671875
3 0.12734375 0.17109375 0.20390625 0.1515625
3 0.34765625 0.08125 0.20390625 0.12734375
3 0.70859375 0.22265625 0.26640625 0.30390625
3 0.91484375 0.16796875 0.1625 0.20859375
3 0.95390625 0.38125 0.08359375 0.27578125
3 0.94375 0.62734375 0.10390625 0.24375
3 0.57109375 0.56171875 0.28359375 0.22578125
3 0.36484375 0.35546875 0.20390625 0.25078125
3 0.4125 0.1875 0.3 0.10625
3 0.24140625 0.74921875 0.475 0.325
3 0.12265625 0.9484375 0.17890625 0.0953125
3 0.48359375 0.878125 0.20859375 0.1734375
3 0.65234375 0.64453125 0.37109375 0.24375
3 0.76640625 0.43125 0.23359375 0.22578125
3 0.50390625 0.30703125 0.21640625 0.240625
3 0.80859375 0.92421875 0.325 0.14453125
3 0.68984375 0.809375 0.2125 0.190625