3 0.2296875 0.23359375 0.24375 0.2484375
3 0.240625 0.421875 0.24375 0.2796875
3 0.22265625 0.0921875 0.2390625 0.184375
3 0.46015625 0.07109375 0.2328125 0.1421875
3 0.775 0.28515625 0.3390625 0.365625
3 0.94140625 0.2859375 0.1171875 0.246875
3 0.94765625 0.5046875 0.1046875 0.290625
3 0.8984375 0.7421875 0.1640625 0.2640625
3 0.55234375 0.58046875 0.3359375 0.2953125
3 0.40546875 0.325 0.265625 0.2984375
3 0.49609375 0.1734375 0.3203125 0.18125
3 0.228125 0.67734375 0.45625 0.4421875
3 0.05703125 0.8390625 0.1140625 0.1375
3 0.384375 0.86640625 0.2484375 0.2234375
3 0.609375 0.6828125 0.425 0.334375
3 0.77734375 0.50390625 0.2859375 0.28125
3 0.55390625 0.31484375 0.2734375 0.290625
3 0.6890625 0.940625 0.353125 0.11875
3 0.60390625 0.853125 0.25625 0.2421875