3 0.15234375 0.35703125 0.2328125 0.2375
3 0.240625 0.528125 0.2296875 0.271875
3 0.09921875 0.2203125 0.1984375 0.1875
3 0.29375 0.09296875 0.228125 0.1625
3 0.68515625 0.17890625 0.321875 0.353125
3 0.87109375 0.10390625 0.1703125 0.2078125
3 0.946875 0.303125 0.1 0.2890625
3 0.95859375 0.55546875 0.0828125 0.2609375
3 0.59921875 0.546875 0.3265625 0.2765625
3 0.35546875 0.36953125 0.2484375 0.2890625
3 0.3765625 0.190625 0.3234375 0.15625
3 0.29296875 0.79140625 0.5375 0.409375
3 0.203125 0.975 0.196875 0.05
3 0.5609375 0.884375 0.240625 0.2109375
3 0.6953125 0.61875 0.41875 0.3078125
3 0.778125 0.38203125 0.275 0.26875
3 0.48984375 0.2984375 0.2609375 0.2796875
3 0.8609375 0.87265625 0.278125 0.1890625
3 0.76015625 0.7796875 0.246875 0.228125