3 0.12578125 0.16640625 0.19609375 0.2671875
3 0.36796875 0.16953125 0.20078125 0.278125
3 0.61640625 0.16953125 0.1984375 0.27265625
3 0.8546875 0.165625 0.20234375 0.28671875
3 0.859375 0.48359375 0.19609375 0.2671875
3 0.8578125 0.80703125 0.19609375 0.28125
3 0.61953125 0.81796875 0.20078125 0.26484375
3 0.62109375 0.49453125 0.19609375 0.2671875
3 0.3796875 0.49453125 0.20703125 0.2671875
3 0.37421875 0.82109375 0.20078125 0.27578125
3 0.13046875 0.49609375 0.20703125 0.27578125
3 0.13515625 0.81953125 0.1984375 0.27265625