3 0.896875 0.325 0.196875 0.2609375
3 0.69609375 0.26953125 0.1296875 0.1046875
3 0.88828125 0.70234375 0.2234375 0.2578125
3 0.7140625 0.70703125 0.2453125 0.28125
3 0.52890625 0.71015625 0.265625 0.2734375
3 0.49296875 0.59140625 0.1578125 0.128125
3 0.48515625 0.28671875 0.109375 0.109375
3 0.36171875 0.19296875 0.134375 0.1171875
3 0.32265625 0.29609375 0.1390625 0.0890625
3 0.40625 0.5828125 0.2296875 0.146875
3 0.365625 0.721875 0.15 0.1828125
3 0.3421875 0.42265625 0.140625 0.1171875
3 0.35546875 0.50234375 0.1765625 0.084375
3 0.0203125 0.4890625 0.040625 0.071875
3 0.25546875 0.60859375 0.071875 0.09375
3 0.20234375 0.334375 0.1125 0.1328125
3 0.21328125 0.45859375 0.0859375 0.1734375
3 0.14765625 0.44609375 0.0609375 0.109375
3 0.11796875 0.36875 0.090625 0.121875
3 0.04453125 0.32890625 0.0890625 0.0890625
3 0.05390625 0.403125 0.078125 0.08125
3 0.09296875 0.50078125 0.096875 0.1234375