3 0.91328125 0.38671875 0.16796875 0.2296875
3 0.725 0.3140625 0.1140625 0.08671875
3 0.88203125 0.7421875 0.22265625 0.21875
3 0.7 0.72421875 0.20546875 0.24453125
3 0.5265625 0.70859375 0.2265625 0.23515625
3 0.5046875 0.59453125 0.13828125 0.10625
3 0.52734375 0.309375 0.09296875 0.09296875
3 0.42109375 0.209375 0.1171875 0.0984375
3 0.3734375 0.30234375 0.12421875 0.07109375
3 0.42421875 0.578125 0.2046875 0.1171875
3 0.37265625 0.70390625 0.12578125 0.159375
3 0.38046875 0.421875 0.1234375 0.09765625
3 0.38515625 0.4984375 0.16015625 0.06328125
3 0.06796875 0.45390625 0.04921875 0.065625
3 0.28046875 0.58671875 0.059375 0.08203125
3 0.2578125 0.32578125 0.09453125 0.115625
3 0.25625 0.44296875 0.06484375 0.15703125
3 0.19609375 0.425 0.04765625 0.09765625
3 0.17578125 0.34921875 0.07421875 0.1078125
3 0.1078125 0.30546875 0.08203125 0.075
3 0.1125 0.37578125 0.06640625 0.0703125
3 0.13984375 0.47109375 0.0796875 0.10859375
3 0.03125 0.37890625 0.06015625 0.17578125