3 0.89140625 0.30546875 0.203125 0.278125
3 0.68515625 0.25703125 0.1390625 0.115625
3 0.89453125 0.69921875 0.2109375 0.2765625
3 0.7296875 0.71171875 0.2671875 0.3046875
3 0.5375 0.725 0.2890625 0.296875
3 0.49375 0.603125 0.1703125 0.140625
3 0.46875 0.28671875 0.1171875 0.1171875
3 0.33515625 0.1953125 0.14375 0.128125
3 0.3 0.30546875 0.1484375 0.1
3 0.403125 0.59921875 0.24375 0.1640625
3 0.36796875 0.74609375 0.165625 0.196875
3 0.32734375 0.43515625 0.1515625 0.128125
3 0.34609375 0.51875 0.1859375 0.096875
3 0.01015625 0.5203125 0.0203125 0.071875
3 0.24765625 0.634375 0.0796875 0.1
3 0.17734375 0.35078125 0.1234375 0.14375
3 0.19609375 0.48046875 0.096875 0.1828125
3 0.1265625 0.4703125 0.06875 0.115625
3 0.0921875 0.39140625 0.1 0.13125
3 0.0296875 0.3515625 0.059375 0.09375
3 0.034375 0.43125 0.06875 0.0875
3 0.07421875 0.53125 0.10625 0.1328125