3 0.19375 0.2859375 0.2375 0.2875
3 0.3140625 0.43125 0.1953125 0.2125
3 0.36328125 0.171875 0.4078125 0.34375
3 0.86640625 0.23515625 0.2671875 0.2859375
3 0.8890625 0.409375 0.190625 0.1765625
3 0.76328125 0.38046875 0.1203125 0.1484375
3 0.8171875 0.503125 0.1828125 0.16875
3 0.90078125 0.56171875 0.1859375 0.1765625
3 0.8625 0.65703125 0.1671875 0.1859375
3 0.5203125 0.62734375 0.1421875 0.1828125
3 0.58125 0.43046875 0.365625 0.371875
3 0.6453125 0.67265625 0.190625 0.21875
3 0.75390625 0.6359375 0.115625 0.1296875
3 0.7328125 0.79140625 0.165625 0.190625
3 0.8421875 0.85859375 0.1453125 0.2125
3 0.6921875 0.9125 0.178125 0.175
3 0.58125 0.84140625 0.1796875 0.2484375
3 0.47734375 0.8359375 0.1359375 0.2078125
3 0.5109375 0.93984375 0.146875 0.1203125
3 0.3984375 0.62890625 0.2203125 0.2796875
3 0.25078125 0.6078125 0.1796875 0.1734375
3 0.14765625 0.51484375 0.1625 0.1953125
3 0.0625 0.62109375 0.125 0.1984375
3 0.0890625 0.7640625 0.178125 0.246875
3 0.18828125 0.88984375 0.1671875 0.125
3 0.26015625 0.740625 0.109375 0.15
3 0.34140625 0.85390625 0.18125 0.2171875