3 0.18984375 0.315625 0.221875 0.2734375
3 0.3140625 0.45 0.1828125 0.2015625
3 0.34765625 0.17890625 0.3859375 0.3578125
3 0.8578125 0.23046875 0.284375 0.2671875
3 0.87265625 0.4 0.18125 0.165625
3 0.7484375 0.37890625 0.1125 0.140625
3 0.80703125 0.4953125 0.171875 0.1578125
3 0.89140625 0.5484375 0.1765625 0.1671875
3 0.859375 0.64296875 0.15625 0.1765625
3 0.52421875 0.63203125 0.13125 0.175
3 0.5734375 0.43671875 0.34375 0.3515625
3 0.6484375 0.66953125 0.178125 0.2078125
3 0.7515625 0.62734375 0.1078125 0.1234375
3 0.7390625 0.78046875 0.1546875 0.1828125
3 0.84921875 0.83984375 0.1328125 0.2046875
3 0.70625 0.903125 0.16875 0.16875
3 0.5953125 0.8375 0.165625 0.2390625
3 0.49375 0.83671875 0.1234375 0.2
3 0.53046875 0.93984375 0.1390625 0.1203125
3 0.40625 0.63984375 0.2046875 0.2671875
3 0.26171875 0.6265625 0.1703125 0.1640625
3 0.15625 0.54140625 0.1515625 0.1875
3 0.0671875 0.65078125 0.134375 0.1890625
3 0.096875 0.78828125 0.19375 0.2359375
3 0.215625 0.90703125 0.1609375 0.11875
3 0.27734375 0.75546875 0.1015625 0.14375
3 0.36171875 0.8625 0.1703125 0.20625