3 0.16796875 0.37890625 0.175 0.2390625
3 0.31328125 0.4859375 0.15 0.171875
3 0.28984375 0.19453125 0.31875 0.34375
3 0.8125 0.16875 0.27421875 0.2140625
3 0.84296875 0.33203125 0.15390625 0.13515625
3 0.71953125 0.33515625 0.08828125 0.12421875
3 0.79765625 0.43671875 0.14765625 0.1296875
3 0.8890625 0.471875 0.15 0.13828125
3 0.87578125 0.56875 0.1265625 0.15234375
3 0.55078125 0.62109375 0.1015625 0.1546875
3 0.5609375 0.42421875 0.28671875 0.29609375
3 0.67734375 0.63359375 0.14375 0.18046875
3 0.76875 0.575 0.08671875 0.10703125
3 0.7859375 0.72421875 0.12421875 0.1578125
3 0.903125 0.7609375 0.096875 0.1859375
3 0.77734375 0.84765625 0.14140625 0.140625
3 0.65703125 0.80546875 0.12421875 0.2140625
3 0.559375 0.82421875 0.08828125 0.1828125
3 0.6171875 0.93203125 0.11640625 0.1296875
3 0.4375 0.65078125 0.15859375 0.23671875
3 0.2953125 0.66484375 0.14375 0.13515625
3 0.178125 0.603125 0.1203125 0.16328125
3 0.09609375 0.728125 0.14140625 0.1609375
3 0.16171875 0.85390625 0.16640625 0.203125
3 0.30390625 0.94765625 0.14375 0.0984375
3 0.33515625 0.7859375 0.07578125 0.1296875
3 0.43671875 0.8734375 0.13515625 0.18046875