3 0.2328125 0.66484375 0.3875 0.45078125
3 0.38203125 0.45390625 0.16640625 0.16796875
3 0.46328125 0.33515625 0.18125 0.265625
3 0.64453125 0.6359375 0.16171875 0.12734375
3 0.46328125 0.6359375 0.1125 0.1390625
3 0.715625 0.93046875 0.33359375 0.12734375
3 0.896875 0.69921875 0.146875 0.15
3 0.70859375 0.31484375 0.37734375 0.271875
3 0.840625 0.17890625 0.19140625 0.2078125
3 0.7328125 0.771875 0.23046875 0.28359375
3 0.5515625 0.81484375 0.3875 0.35859375
3 0.21328125 0.29765625 0.328125 0.190625