3 0.2625 0.27890625 0.3421875 0.4640625
3 0.21875 0.73359375 0.328125 0.5328125
3 0.3953125 0.84453125 0.228125 0.3109375
3 0.41953125 0.63125 0.23125 0.3640625
3 0.58515625 0.62109375 0.165625 0.2625
3 0.78125 0.6765625 0.390625 0.4
3 0.83203125 0.38828125 0.209375 0.2890625
3 0.7125 0.21328125 0.1734375 0.18125
3 0.74609375 0.1015625 0.2140625 0.203125
3 0.875 0.09921875 0.159375 0.1984375
3 0.88515625 0.2453125 0.1640625 0.190625
3 0.93984375 0.38671875 0.1203125 0.2453125
3 0.4921875 0.35546875 0.2125 0.3109375
3 0.69453125 0.42109375 0.26875 0.2984375
3 0.5953125 0.11328125 0.2 0.2265625
3 0.06328125 0.17578125 0.1265625 0.1953125
3 0.0625 0.35546875 0.125 0.2078125
3 0.546875 0.8875 0.18125 0.225
3 0.65625 0.946875 0.296875 0.10625
3 0.203125 0.9671875 0.175 0.065625