3 0.2609375 0.30625 0.346875 0.4453125
3 0.25078125 0.73828125 0.3390625 0.5234375
3 0.42578125 0.83671875 0.2390625 0.3265625
3 0.43125 0.62265625 0.2359375 0.346875
3 0.5859375 0.60234375 0.1703125 0.2484375
3 0.77421875 0.63984375 0.3859375 0.390625
3 0.80390625 0.36875 0.2125 0.2765625
3 0.68125 0.21484375 0.171875 0.1765625
3 0.70234375 0.103125 0.2140625 0.20625
3 0.8328125 0.09609375 0.184375 0.1921875
3 0.84453125 0.2328125 0.1640625 0.184375
3 0.91796875 0.3578125 0.15 0.2359375
3 0.4828125 0.36171875 0.215625 0.296875
3 0.67734375 0.40859375 0.2671875 0.290625
3 0.5640625 0.12890625 0.1984375 0.21875
3 0.065625 0.22734375 0.13125 0.1921875
3 0.071875 0.39140625 0.14375 0.1984375
3 0.56953125 0.86484375 0.1875 0.24375
3 0.67890625 0.915625 0.2859375 0.1484375
3 0.25546875 0.95703125 0.1765625 0.0859375