3 0.3109375 0.2578125 0.2640625 0.39609375
3 0.203125 0.678125 0.2359375 0.48515625
3 0.34921875 0.8265625 0.16953125 0.3265625
3 0.40546875 0.60390625 0.16953125 0.3171875
3 0.5609375 0.61875 0.12265625 0.22734375
3 0.7359375 0.69765625 0.32109375 0.3265625
3 0.82578125 0.440625 0.16015625 0.24765625
3 0.740625 0.2625 0.14140625 0.1484375
3 0.7921875 0.13828125 0.16953125 0.21796875
3 0.92421875 0.14375 0.13203125 0.24765625
3 0.89609375 0.3171875 0.13203125 0.15859375
3 0.9390625 0.45546875 0.10390625 0.21796875
3 0.5140625 0.36171875 0.16015625 0.2671875
3 0.69375 0.45078125 0.2171875 0.24765625
3 0.64609375 0.153125 0.16015625 0.18828125
3 0.10390625 0.12890625 0.16953125 0.15859375
3 0.10390625 0.296875 0.11328125 0.178125
3 0.4859375 0.87109375 0.14140625 0.21796875
3 0.58046875 0.9453125 0.2734375 0.0890625
3 0.15078125 0.92578125 0.15078125 0.12890625