3 0.49453125 0.4921875 0.97265625 0.96015625
3 0.853125 0.8828125 0.07421875 0.11875
3 0.7609375 0.88125 0.078125 0.0734375
3 0.66328125 0.91953125 0.0953125 0.04609375
3 0.73515625 0.940625 0.06953125 0.1125
3 0.7828125 0.95703125 0.03828125 0.07890625
3 0.8546875 0.96484375 0.096875 0.0640625
3 0.915625 0.953125 0.07578125 0.08828125
3 0.9578125 0.77890625 0.08046875 0.21640625
3 0.915625 0.259375 0.16484375 0.1828125
3 0.896875 0.10546875 0.20234375 0.1984375
3 0.7640625 0.08359375 0.08046875 0.15546875
3 0.471875 0.46484375 0.1328125 0.3015625
3 0.053125 0.72109375 0.08046875 0.14296875
3 0.1140625 0.0515625 0.0546875 0.07890625
3 0.69609375 0.28359375 0.06328125 0.07890625