3 0.5 0.5 1 1
3 0.9203125 0.86015625 0.096875 0.1359375
3 0.82265625 0.8734375 0.09375 0.0890625
3 0.72734375 0.92890625 0.1078125 0.0640625
3 0.803125 0.91875 0.084375 0.0875
3 0.8546875 0.92890625 0.0453125 0.0484375
3 0.93125 0.92421875 0.1046875 0.0421875
3 0.97421875 0.90234375 0.0515625 0.0640625
3 0.97578125 0.734375 0.0484375 0.2375
3 0.87578125 0.1984375 0.1921875 0.2171875
3 0.83046875 0.0796875 0.2328125 0.159375
3 0.69375 0.06328125 0.109375 0.1265625
3 0.4515625 0.48671875 0.1890625 0.3375
3 0.07109375 0.8203125 0.0765625 0.1578125
3 0.021875 0.11328125 0.04375 0.0921875
3 0.65625 0.259375 0.0796875 0.09375