3 0.5 0.5 1 1
3 0.94140625 0.80390625 0.103125 0.1359375
3 0.8484375 0.825 0.0953125 0.0921875
3 0.7625 0.88671875 0.1046875 0.06875
3 0.8359375 0.88125 0.0921875 0.1109375
3 0.88671875 0.88671875 0.053125 0.0703125
3 0.953125 0.8765625 0.09375 0.06875
3 0.9859375 0.84921875 0.028125 0.0890625
3 0.97578125 0.675 0.0484375 0.234375
3 0.84765625 0.16875 0.20625 0.221875
3 0.78984375 0.071875 0.2484375 0.14375
3 0.6546875 0.059375 0.11875 0.11875
3 0.45859375 0.4828125 0.20625 0.3328125
3 0.11015625 0.840625 0.1109375 0.1609375
3 0.01953125 0.16015625 0.0390625 0.0921875
3 0.63671875 0.246875 0.0828125 0.09375