3 0.55859375 0.59140625 0.15625 0.56640625
3 0.77578125 0.4 0.14921875 0.3203125
3 0.875 0.72734375 0.2421875 0.365625
3 0.684375 0.62265625 0.1484375 0.48671875
3 0.4234375 0.678125 0.1484375 0.41875
3 0.23125 0.69296875 0.2125 0.36484375
3 0.0625 0.67578125 0.11875 0.3859375
3 0.9125 0.2984375 0.16328125 0.56953125
3 0.67578125 0.0671875 0.0734375 0.134375
3 0.27421875 0.184375 0.046875 0.22109375
3 0.428125 0.12421875 0.1296875 0.24140625
3 0.34609375 0.3734375 0.26484375 0.2078125
3 0.58671875 0.15859375 0.1890625 0.2796875
3 0.115625 0.171875 0.22265625 0.3171875
3 0.109375 0.4125 0.1953125 0.153125