3 0.5640625 0.60390625 0.1765625 0.6046875
3 0.7984375 0.40390625 0.1640625 0.34375
3 0.88203125 0.7515625 0.2328125 0.396875
3 0.69765625 0.6390625 0.1671875 0.5203125
3 0.41953125 0.69375 0.165625 0.4484375
3 0.2140625 0.70625 0.2328125 0.3921875
3 0.05 0.68046875 0.1 0.4109375
3 0.92578125 0.303125 0.1484375 0.59375
3 0.69921875 0.06171875 0.0796875 0.11875
3 0.26875 0.16640625 0.0546875 0.2359375
3 0.4296875 0.1140625 0.14375 0.228125
3 0.3421875 0.3671875 0.2859375 0.2265625
3 0.6 0.1453125 0.2078125 0.290625
3 0.1125 0.159375 0.21875 0.31875
3 0.09765625 0.40234375 0.19375 0.1625