3 0.60234375 0.6046875 0.3125 0.6375
3 0.7796875 0.34609375 0.240625 0.3765625
3 0.89609375 0.66796875 0.2078125 0.4421875
3 0.74296875 0.60546875 0.2828125 0.553125
3 0.48359375 0.73203125 0.265625 0.48125
3 0.2859375 0.78828125 0.31875 0.4234375
3 0.11484375 0.8 0.1984375 0.4
3 0.8671875 0.2609375 0.265625 0.521875
3 0.5890625 0.05078125 0.109375 0.1015625
3 0.19765625 0.25 0.1078125 0.2453125
3 0.340625 0.15078125 0.1953125 0.271875
3 0.3234375 0.4296875 0.3328125 0.2890625
3 0.5171875 0.15625 0.271875 0.3125
3 0.09296875 0.275 0.1859375 0.384375
3 0.10234375 0.528125 0.2046875 0.20625