3 0.62734375 0.08984375 0.3234375 0.1796875
3 0.2421875 0.08984375 0.3875 0.1796875
3 0.5328125 0.30546875 0.5015625 0.3453125
3 0.7171875 0.34453125 0.3609375 0.2765625
3 0.9359375 0.17734375 0.128125 0.2171875
3 0.76796875 0.7328125 0.4140625 0.2984375
3 0.75546875 0.55625 0.29375 0.2515625
3 0.33984375 0.56875 0.3703125 0.3421875
3 0.45390625 0.8796875 0.2734375 0.2234375
3 0.38515625 0.7171875 0.296875 0.225
3 0.8546875 0.94453125 0.275 0.1109375
3 0.9640625 0.84140625 0.0625 0.196875
3 0.90546875 0.4203125 0.1890625 0.290625
3 0.3078125 0.93828125 0.33125 0.121875