3 0.653125 0.15 0.33125 0.23125
3 0.3 0.10390625 0.396875 0.2078125
3 0.52890625 0.34140625 0.51875 0.4
3 0.69296875 0.4078125 0.378125 0.3140625
3 0.9234375 0.29375 0.153125 0.234375
3 0.6765625 0.77578125 0.4296875 0.3421875
3 0.69375 0.61015625 0.3125 0.2796875
3 0.30703125 0.5546875 0.396875 0.3765625
3 0.36171875 0.8609375 0.2890625 0.2515625
3 0.32421875 0.69921875 0.309375 0.2546875
3 0.75078125 0.95703125 0.3328125 0.0859375
3 0.86953125 0.90703125 0.1484375 0.1859375
3 0.871875 0.51484375 0.25625 0.3109375
3 0.21640625 0.89453125 0.3265625 0.1734375