3 0.57890625 0.12890625 0.29765625 0.17421875
3 0.22265625 0.1125 0.35625 0.21875
3 0.49453125 0.33671875 0.459375 0.3109375
3 0.665625 0.36953125 0.33125 0.25078125
3 0.90234375 0.2109375 0.1875 0.2
3 0.71875 0.72890625 0.37890625 0.26953125
3 0.70390625 0.56484375 0.26875 0.22890625
3 0.31953125 0.584375 0.33828125 0.3109375
3 0.43046875 0.86953125 0.25 0.203125
3 0.3640625 0.7203125 0.271875 0.203125
3 0.8328125 0.93671875 0.3125 0.1203125
3 0.9359375 0.82734375 0.12109375 0.18125
3 0.8765625 0.43828125 0.2390625 0.26640625
3 0.29609375 0.93515625 0.30546875 0.1234375