3 0.1453125 0.19296875 0.14375 0.1765625
3 0.22890625 0.11015625 0.11171875 0.16015625
3 0.33828125 0.11875 0.11171875 0.21484375
3 0.49453125 0.10078125 0.1796875 0.13515625
3 0.61953125 0.2078125 0.1453125 0.27265625
3 0.753125 0.16015625 0.14375 0.22578125
3 0.83359375 0.16015625 0.1390625 0.16015625
3 0.8953125 0.3171875 0.15859375 0.2203125
3 0.89375 0.49453125 0.15390625 0.1625
3 0.9125 0.65546875 0.1328125 0.209375
3 0.8734375 0.83046875 0.2234375 0.20078125
3 0.74375 0.8359375 0.1375 0.140625
3 0.7171875 0.696875 0.13046875 0.21484375
3 0.834375 0.69140625 0.11171875 0.2421875
3 0.7390625 0.50703125 0.1796875 0.26484375
3 0.75859375 0.29609375 0.17109375 0.25625
3 0.6 0.41875 0.1203125 0.16015625
3 0.62578125 0.58515625 0.12890625 0.20078125
3 0.515625 0.5484375 0.1921875 0.2203125
3 0.47890625 0.3578125 0.17265625 0.21484375
3 0.4296875 0.2421875 0.175 0.21484375
3 0.26484375 0.25625 0.15390625 0.209375
3 0.2390625 0.3375 0.1203125 0.1953125
3 0.11484375 0.35703125 0.175 0.18984375
3 0.071875 0.39140625 0.1015625 0.23125
3 0.2203125 0.54140625 0.2171875 0.22890625
3 0.34296875 0.428125 0.15859375 0.15703125
3 0.3796875 0.57421875 0.096875 0.1734375
3 0.35546875 0.71640625 0.1453125 0.1484375
3 0.503125 0.6953125 0.1625 0.140625
3 0.11484375 0.8578125 0.1625 0.1625
3 0.08046875 0.5484375 0.13046875 0.115625
3 0.09296875 0.68984375 0.16015625 0.18984375
3 0.2171875 0.74921875 0.1390625 0.24765625
3 0.25625 0.87578125 0.08203125 0.11015625
3 0.37578125 0.8375 0.1984375 0.115625
3 0.4546875 0.88984375 0.20859375 0.17109375
3 0.6515625 0.9078125 0.17265625 0.090625
3 0.5703125 0.79375 0.20859375 0.21484375