3 0.06796875 0.29296875 0.1359375 0.2203125
3 0.11328125 0.1859375 0.1546875 0.196875
3 0.23359375 0.171875 0.165625 0.25625
3 0.39921875 0.1203125 0.221875 0.1828125
3 0.55546875 0.21015625 0.2140625 0.325
3 0.68984375 0.1328125 0.2015625 0.265625
3 0.778125 0.1125 0.184375 0.2015625
3 0.8765625 0.26953125 0.215625 0.2703125
3 0.90625 0.46015625 0.1875 0.2078125
3 0.9359375 0.63125 0.128125 0.253125
3 0.909375 0.81875 0.18125 0.240625
3 0.82265625 0.86171875 0.178125 0.18125
3 0.76484375 0.71640625 0.1875 0.259375
3 0.890625 0.68671875 0.171875 0.284375
3 0.74921875 0.50703125 0.25 0.3234375
3 0.725 0.27578125 0.2390625 0.3125
3 0.58046875 0.44140625 0.1640625 0.1984375
3 0.6421875 0.615625 0.18125 0.24375
3 0.515625 0.5984375 0.2546875 0.278125
3 0.43515625 0.40078125 0.2328125 0.26875
3 0.3578125 0.28671875 0.234375 0.26875
3 0.1828125 0.33671875 0.2109375 0.2578125
3 0.17265625 0.42890625 0.171875 0.2359375
3 0.078125 0.471875 0.15625 0.234375
3 0.03984375 0.5171875 0.0796875 0.2625
3 0.19453125 0.653125 0.2828125 0.2921875
3 0.303125 0.50546875 0.2046875 0.203125
3 0.37421875 0.65546875 0.1421875 0.2078125
3 0.37734375 0.8140625 0.1890625 0.190625
3 0.53359375 0.7609375 0.2046875 0.1859375
3 0.1609375 0.95625 0.16875 0.0875
3 0.071875 0.68515625 0.1109375 0.1421875
3 0.11640625 0.8359375 0.15625 0.228125
3 0.23359375 0.86484375 0.2015625 0.2703125
3 0.30078125 0.96953125 0.1078125 0.0609375
3 0.42421875 0.928125 0.2390625 0.14375
3 0.51328125 0.9328125 0.2484375 0.134375
3 0.734375 0.9359375 0.196875 0.090625
3 0.6265625 0.8515625 0.271875 0.2765625