3 0.05625 0.175 0.1125 0.209375
3 0.109375 0.10078125 0.1359375 0.1375
3 0.23125 0.1078125 0.1421875 0.1765625
3 0.40078125 0.05859375 0.2078125 0.1171875
3 0.546875 0.14765625 0.190625 0.2953125
3 0.69140625 0.10078125 0.1796875 0.2015625
3 0.778125 0.078125 0.171875 0.15625
3 0.86484375 0.22578125 0.2 0.2609375
3 0.8828125 0.42109375 0.1875 0.196875
3 0.91875 0.596875 0.1625 0.246875
3 0.88203125 0.79375 0.2359375 0.246875
3 0.7578125 0.81484375 0.1671875 0.1703125
3 0.7125 0.66484375 0.16875 0.2515625
3 0.840625 0.64453125 0.1515625 0.2796875
3 0.71484375 0.453125 0.228125 0.3125
3 0.71171875 0.21875 0.2171875 0.3015625
3 0.55078125 0.371875 0.15 0.1890625
3 0.5984375 0.55234375 0.1640625 0.2359375
3 0.4734375 0.52421875 0.2375 0.2640625
3 0.41015625 0.31953125 0.215625 0.25625
3 0.3421875 0.19765625 0.2171875 0.25625
3 0.16328125 0.23203125 0.19375 0.2484375
3 0.14453125 0.32421875 0.1546875 0.2296875
3 0.0578125 0.35546875 0.115625 0.2234375
3 0.0171875 0.39765625 0.034375 0.2578125
3 0.146875 0.5515625 0.265625 0.2765625
3 0.26875 0.4125 0.1921875 0.190625
3 0.3265625 0.56875 0.1265625 0.203125
3 0.315625 0.72734375 0.1765625 0.18125
3 0.4765625 0.6875 0.1953125 0.1734375
3 0.09921875 0.90625 0.1359375 0.1875
3 0.0359375 0.5703125 0.071875 0.134375
3 0.06640625 0.72421875 0.1125 0.21875
3 0.1671875 0.7796875 0.18125 0.2890625
3 0.22578125 0.915625 0.103125 0.13125
3 0.35234375 0.85859375 0.23125 0.15
3 0.4453125 0.9 0.25 0.2
3 0.66484375 0.9046875 0.2015625 0.1203125
3 0.56171875 0.78828125 0.2546875 0.2609375