3 0.13828125 0.1625 0.2296875 0.28515625
3 0.37578125 0.159375 0.228125 0.290625
3 0.6125 0.1640625 0.22578125 0.2828125
3 0.84921875 0.1625 0.22578125 0.28515625
3 0.85234375 0.484375 0.228125 0.2796875
3 0.853125 0.80234375 0.22578125 0.2828125
3 0.61640625 0.80390625 0.228125 0.28515625
3 0.61640625 0.48046875 0.2234375 0.2765625
3 0.3765625 0.48125 0.2296875 0.2796875
3 0.3765625 0.80234375 0.2296875 0.2765625
3 0.1390625 0.79921875 0.228125 0.2828125
3 0.13828125 0.4859375 0.22578125 0.2828125