3 0.225 0.228125 0.1453125 0.1515625
3 0.12421875 0.20859375 0.07578125 0.07578125
3 0.23203125 0.109375 0.20234375 0.18671875
3 0.721875 0.16796875 0.13046875 0.1453125
3 0.71953125 0.221875 0.08046875 0.1078125
3 0.78515625 0.2375 0.03828125 0.06953125
3 0.8484375 0.2484375 0.07578125 0.1109375
3 0.85 0.28828125 0.04609375 0.06328125
3 0.9375 0.2359375 0.1203125 0.1484375
3 0.928125 0.375 0.096875 0.09140625
3 0.96953125 0.33828125 0.05703125 0.1015625
3 0.9515625 0.53203125 0.09296875 0.265625
3 0.8765625 0.68359375 0.090625 0.1390625
3 0.95390625 0.746875 0.08828125 0.18359375
3 0.8796875 0.83046875 0.13515625 0.18671875
3 0.9359375 0.91953125 0.12421875 0.1546875
3 0.9421875 0.978125 0.11171875 0.03828125
3 0.19921875 0.78671875 0.1203125 0.1546875
3 0.31015625 0.83046875 0.084375 0.07265625
3 0.4484375 0.8984375 0.1375 0.17109375
3 0.54140625 0.871875 0.06953125 0.1171875
3 0.775 0.79453125 0.09921875 0.1515625
3 0.71171875 0.81171875 0.0609375 0.1046875
3 0.6140625 0.80703125 0.16015625 0.19609375
3 0.16328125 0.8921875 0.0609375 0.06953125
3 0.32578125 0.7796875 0.08671875 0.06640625
3 0.37421875 0.82421875 0.05703125 0.1046875
3 0.478125 0.79609375 0.1375 0.1234375
3 0.12734375 0.95703125 0.1203125 0.07890625
3 0.7265625 0.96640625 0.12421875 0.06015625
3 0.5390625 0.95859375 0.1921875 0.07578125
3 0.49921875 0.44296875 0.87109375 0.65859375
3 0.71640625 0.8875 0.12421875 0.0984375
3 0.3171875 0.92734375 0.1625 0.1390625