3 0.24140625 0.2109375 0.15625 0.1625
3 0.13828125 0.18828125 0.08125 0.08125
3 0.25234375 0.09453125 0.2171875 0.1890625
3 0.759375 0.16640625 0.140625 0.15625
3 0.75546875 0.22265625 0.0875 0.1140625
3 0.82265625 0.24140625 0.0421875 0.0734375
3 0.88828125 0.2546875 0.0828125 0.1171875
3 0.88828125 0.29609375 0.05 0.0671875
3 0.9578125 0.24453125 0.084375 0.1578125
3 0.95703125 0.38828125 0.0859375 0.0984375
3 0.9890625 0.35078125 0.021875 0.1078125
3 0.965625 0.5515625 0.06875 0.278125
3 0.90234375 0.7078125 0.1 0.1484375
3 0.96171875 0.77578125 0.0640625 0.1921875
3 0.9 0.8609375 0.146875 0.1984375
3 0.9375 0.9359375 0.1 0.128125
3 0.9421875 0.996875 0.08125 0.00625
3 0.19453125 0.790625 0.13125 0.165625
3 0.30859375 0.840625 0.090625 0.078125
3 0.44921875 0.91171875 0.1484375 0.1765625
3 0.546875 0.89140625 0.0765625 0.125
3 0.79296875 0.81953125 0.1078125 0.1609375
3 0.7265625 0.83515625 0.0671875 0.1109375
3 0.62421875 0.82734375 0.1734375 0.209375
3 0.15390625 0.89921875 0.065625 0.075
3 0.3265625 0.78828125 0.0921875 0.071875
3 0.375 0.83671875 0.0625 0.1109375
3 0.48359375 0.8109375 0.146875 0.1328125
3 0.1140625 0.95546875 0.1265625 0.0671875
3 0.734375 0.98125 0.13125 0.0375
3 0.54140625 0.96953125 0.2015625 0.0609375
3 0.51796875 0.44453125 0.928125 0.715625
3 0.728125 0.91484375 0.1328125 0.10625
3 0.31328125 0.93125 0.1734375 0.13125