3 0.215625 0.20078125 0.171875 0.178125
3 0.103125 0.1875 0.090625 0.0890625
3 0.215625 0.0953125 0.2328125 0.16875
3 0.76015625 0.096875 0.1546875 0.1703125
3 0.76171875 0.15625 0.096875 0.125
3 0.83515625 0.16796875 0.046875 0.0796875
3 0.90546875 0.17578125 0.0921875 0.128125
3 0.9109375 0.21875 0.05625 0.0734375
3 0.95703125 0.15703125 0.0515625 0.1671875
3 0.96953125 0.31171875 0.04375 0.1046875
3 0.95703125 0.6515625 0.0859375 0.159375
3 0.9515625 0.81484375 0.096875 0.2140625
3 0.9890625 0.89453125 0.021875 0.1421875
3 0.23125 0.81875 0.14375 0.1796875
3 0.35703125 0.85859375 0.0984375 0.0875
3 0.5140625 0.91171875 0.1625 0.1765625
3 0.61484375 0.8859375 0.0859375 0.134375
3 0.8671875 0.7828125 0.121875 0.175
3 0.7984375 0.80625 0.0765625 0.1203125
3 0.68984375 0.809375 0.1921875 0.228125
3 0.19921875 0.93828125 0.0734375 0.08125
3 0.3703125 0.80234375 0.1015625 0.0796875
3 0.42734375 0.846875 0.071875 0.1203125
3 0.5390625 0.8078125 0.1609375 0.146875
3 0.16328125 0.98203125 0.1359375 0.0359375
3 0.825 0.96015625 0.1390625 0.0453125
3 0.61796875 0.96640625 0.215625 0.0671875
3 0.5140625 0.4171875 0.971875 0.790625
3 0.809375 0.890625 0.1453125 0.1171875
3 0.3703125 0.93984375 0.1875 0.1203125