3 0.17265625 0.18984375 0.11796875 0.2140625
3 0.36953125 0.32421875 0.23203125 0.41640625
3 0.17421875 0.615625 0.23828125 0.384375
3 0.40703125 0.7265625 0.14765625 0.1484375
3 0.5421875 0.81328125 0.11796875 0.2859375
3 0.70390625 0.79921875 0.2046875 0.3078125
3 0.83515625 0.6375 0.17265625 0.159375
3 0.65859375 0.58515625 0.1265625 0.1125
3 0.6078125 0.33125 0.2234375 0.2859375
3 0.8109375 0.4671875 0.2296875 0.24609375
3 0.89765625 0.21953125 0.20078125 0.271875
3 0.38203125 0.88203125 0.14375 0.228125
3 0.76171875 0.21171875 0.08828125 0.29375