3 0.18828125 0.13984375 0.134375 0.2296875
3 0.38515625 0.29140625 0.2640625 0.4484375
3 0.16640625 0.58515625 0.2703125 0.4140625
3 0.403125 0.71328125 0.1625 0.1640625
3 0.53828125 0.8109375 0.1390625 0.3046875
3 0.7078125 0.8046875 0.2296875 0.3328125
3 0.85390625 0.64375 0.1890625 0.175
3 0.67265625 0.5796875 0.1375 0.1234375
3 0.63359375 0.31171875 0.2484375 0.3109375
3 0.83828125 0.46484375 0.253125 0.2703125
3 0.91484375 0.209375 0.1703125 0.29375
3 0.36796875 0.87421875 0.1625 0.2453125
3 0.80078125 0.1953125 0.1078125 0.3109375