3 0.109375 0.26328125 0.1734375 0.246875
3 0.34296875 0.35 0.340625 0.48125
3 0.21875 0.6953125 0.3390625 0.45
3 0.48203125 0.7484375 0.1875 0.1875
3 0.64140625 0.80234375 0.1921875 0.3203125
3 0.80078125 0.746875 0.284375 0.3640625
3 0.89296875 0.54921875 0.2140625 0.2046875
3 0.7015625 0.54140625 0.15625 0.1453125
3 0.5859375 0.29765625 0.2984375 0.346875
3 0.82578125 0.38359375 0.2953125 0.3078125
3 0.83046875 0.13671875 0.2328125 0.2734375
3 0.49296875 0.8890625 0.1984375 0.221875
3 0.71171875 0.1484375 0.1640625 0.296875