3 0.3015625 0.2890625 0.390625 0.403125
3 0.35703125 0.11328125 0.2203125 0.2265625
3 0.6203125 0.2375 0.3203125 0.33125
3 0.49453125 0.45390625 0.184375 0.2671875
3 0.32578125 0.73203125 0.2859375 0.459375
3 0.1203125 0.7609375 0.240625 0.384375
3 0.57734375 0.82421875 0.2453125 0.3515625
3 0.5796875 0.5578125 0.3140625 0.4328125
3 0.7453125 0.6171875 0.1953125 0.35
3 0.83203125 0.23671875 0.2265625 0.3
3 0.890625 0.50390625 0.21875 0.2984375
3 0.90234375 0.7109375 0.18125 0.328125
3 0.76875 0.8734375 0.24375 0.253125
3 0.8890625 0.3296875 0.221875 0.3