3 0.27109375 0.32265625 0.33984375 0.3546875
3 0.29765625 0.1375 0.18984375 0.20546875
3 0.578125 0.221875 0.278125 0.29140625
3 0.4875 0.45546875 0.14765625 0.246875
3 0.3640625 0.75625 0.221875 0.43046875
3 0.1328125 0.82265625 0.25703125 0.3484375
3 0.6296875 0.82109375 0.1921875 0.3515625
3 0.5875 0.54453125 0.25546875 0.3984375
3 0.7609375 0.57734375 0.1453125 0.33203125
3 0.78671875 0.18828125 0.1859375 0.275
3 0.8921875 0.44296875 0.18984375 0.271875
3 0.93046875 0.6453125 0.13515625 0.31015625
3 0.82890625 0.85625 0.20234375 0.28203125
3 0.87890625 0.2671875 0.22578125 0.26875