3 0.25625 0.32109375 0.3984375 0.4140625
3 0.26015625 0.1296875 0.221875 0.228125
3 0.5625 0.1765625 0.328125 0.340625
3 0.4984375 0.43359375 0.1859375 0.2765625
3 0.40859375 0.76171875 0.2859375 0.4765625
3 0.1765625 0.83125 0.3125 0.3375
3 0.69375 0.7953125 0.2453125 0.3875
3 0.6140625 0.5125 0.3171875 0.45
3 0.7984375 0.52578125 0.19375 0.365625
3 0.7765625 0.13515625 0.228125 0.2703125
3 0.90078125 0.36953125 0.1984375 0.3046875
3 0.946875 0.57734375 0.10625 0.3359375
3 0.890625 0.80546875 0.21875 0.3171875
3 0.8640625 0.18828125 0.234375 0.30625