3 0.353125 0.41875 0.4859375 0.203125
3 0.19453125 0.51875 0.1171875 0.084375
3 0.31171875 0.5671875 0.11875 0.1203125
3 0.4765625 0.65546875 0.2859375 0.10625
3 0.67578125 0.68203125 0.115625 0.0703125
3 0.8078125 0.61171875 0.25 0.10625
3 0.82890625 0.5125 0.2015625 0.1015625
3 0.96640625 0.528125 0.0671875 0.08125
3 0.97265625 0.621875 0.0546875 0.078125
3 0.85390625 0.73828125 0.2921875 0.1734375
3 0.7765625 0.32734375 0.44375 0.3125
3 0.85390625 0.096875 0.2390625 0.19375
3 0.57421875 0.13046875 0.3171875 0.13125
3 0.4859375 0.2359375 0.159375 0.0859375
3 0.36875 0.2953125 0.31875 0.1125
3 0.20390625 0.1359375 0.4078125 0.24375
3 0.18046875 0.671875 0.35625 0.2625
3 0.5375 0.74609375 0.3609375 0.1234375
3 0.4 0.84921875 0.4265625 0.1640625
3 0.1859375 0.871875 0.08125 0.0703125
3 0.2859375 0.9546875 0.21875 0.090625
3 0.6859375 0.93671875 0.5875 0.1265625
3 0.7515625 0.85078125 0.325 0.15625
3 0.9546875 0.8796875 0.090625 0.165625
3 0.103125 0.9140625 0.171875 0.171875
3 0.203125 0.996875 0.140625 0.00625