3 0.409375 0.39375 0.496875 0.2234375
3 0.2515625 0.50078125 0.1203125 0.0890625
3 0.37265625 0.54609375 0.1234375 0.1265625
3 0.54296875 0.6296875 0.2921875 0.1171875
3 0.7453125 0.6484375 0.11875 0.075
3 0.87421875 0.57265625 0.2515625 0.1171875
3 0.89453125 0.47265625 0.2078125 0.109375
3 0.88828125 0.70234375 0.2234375 0.1796875
3 0.8 0.290625 0.3890625 0.3265625
3 0.8765625 0.07578125 0.1875 0.1515625
3 0.62265625 0.09453125 0.325 0.14375
3 0.53671875 0.2046875 0.1640625 0.0921875
3 0.4203125 0.26875 0.3265625 0.125
3 0.22890625 0.12578125 0.4578125 0.2453125
3 0.234375 0.65703125 0.3859375 0.2796875
3 0.60703125 0.71953125 0.36875 0.1375
3 0.471875 0.8296875 0.4375 0.18125
3 0.25625 0.85859375 0.084375 0.0734375
3 0.36015625 0.9453125 0.2234375 0.109375
3 0.7328125 0.91796875 0.534375 0.1640625
3 0.828125 0.81796875 0.334375 0.1703125
3 0.99375 0.8421875 0.0125 0.165625
3 0.1453125 0.9078125 0.234375 0.184375
3 0.27734375 0.9890625 0.1453125 0.021875