3 0.4046875 0.41328125 0.4390625 0.16484375
3 0.25390625 0.49765625 0.103125 0.071875
3 0.359375 0.5484375 0.103125 0.10546875
3 0.50703125 0.6375 0.259375 0.084375
3 0.6890625 0.67109375 0.103125 0.059375
3 0.81328125 0.6125 0.22578125 0.08671875
3 0.8375 0.5234375 0.18125 0.084375
3 0.96640625 0.54453125 0.06328125 0.071875
3 0.96953125 0.63203125 0.05703125 0.06953125
3 0.85859375 0.7328125 0.278125 0.1453125
3 0.79921875 0.3515625 0.396875 0.26796875
3 0.88203125 0.1359375 0.2109375 0.1796875
3 0.62265625 0.16015625 0.28671875 0.10546875
3 0.5359375 0.253125 0.14375 0.071875
3 0.425 0.3015625 0.2890625 0.08828125
3 0.25078125 0.146875 0.42578125 0.2046875
3 0.2265625 0.63828125 0.33125 0.22578125
3 0.5578125 0.7234375 0.32734375 0.096875
3 0.42734375 0.8125 0.3859375 0.13046875
3 0.2296875 0.821875 0.071875 0.0609375
3 0.3171875 0.91171875 0.19609375 0.08828125
3 0.6859375 0.93046875 0.5359375 0.13515625
3 0.75 0.83046875 0.29296875 0.12890625
3 0.9484375 0.8671875 0.09921875 0.14765625
3 0.11484375 0.8640625 0.221875 0.1625
3 0.2390625 0.96171875 0.12890625 0.04609375