3 0.559375 0.38046875 0.2109375 0.153125
3 0.65234375 0.46171875 0.1125 0.0921875
3 0.71484375 0.58984375 0.14375 0.1296875
3 0.875 0.59140625 0.171875 0.146875
3 0.94609375 0.65546875 0.1078125 0.1921875
3 0.8328125 0.70703125 0.24375 0.2046875
3 0.9 0.86640625 0.2 0.2140625
3 0.928125 0.953125 0.14375 0.046875
3 0.62734375 0.871875 0.3375 0.2125
3 0.81171875 0.28828125 0.2 0.153125
3 0.75859375 0.37109375 0.1359375 0.11875
3 0.8921875 0.3875 0.2 0.1625
3 0.9078125 0.17578125 0.15 0.15
3 0.715625 0.12421875 0.1671875 0.1609375
3 0.5703125 0.221875 0.1921875 0.2078125
3 0.87578125 0.0765625 0.1796875 0.153125
3 0.3515625 0.2296875 0.1890625 0.1625
3 0.33828125 0.0828125 0.1484375 0.125
3 0.115625 0.20078125 0.2203125 0.19375
3 0.14140625 0.38515625 0.2828125 0.1890625
3 0.32578125 0.5046875 0.4984375 0.26875
3 0.36796875 0.34609375 0.203125 0.11875
3 0.20234375 0.67890625 0.3859375 0.2609375
3 0.15546875 0.9203125 0.2640625 0.159375
3 0.3453125 0.946875 0.1296875 0.0984375
3 0.41875 0.75390625 0.18125 0.1265625
3 0.17109375 0.82109375 0.1578125 0.115625
3 0.65625 0.68203125 0.1375 0.134375
3 0.48125 0.634375 0.234375 0.1609375
3 0.52421875 0.94140625 0.1640625 0.1171875
3 0.734375 0.9515625 0.1953125 0.078125