3 0.5953125 0.3765625 0.2125 0.15
3 0.68359375 0.46953125 0.1109375 0.090625
3 0.73671875 0.6078125 0.1421875 0.128125
3 0.9015625 0.62421875 0.171875 0.14375
3 0.95859375 0.696875 0.0796875 0.1953125
3 0.84765625 0.740625 0.2421875 0.2015625
3 0.89921875 0.903125 0.1890625 0.19375
3 0.9203125 0.9921875 0.140625 0.015625
3 0.62109375 0.89296875 0.340625 0.203125
3 0.86328125 0.303125 0.2 0.15
3 0.8015625 0.3859375 0.1359375 0.1171875
3 0.91875 0.4125 0.1625 0.159375
3 0.94921875 0.19453125 0.1015625 0.1484375
3 0.7796875 0.12421875 0.165625 0.159375
3 0.62109375 0.21328125 0.1890625 0.20625
3 0.9296875 0.0859375 0.140625 0.159375
3 0.3953125 0.2015625 0.1890625 0.159375
3 0.39375 0.0546875 0.146875 0.109375
3 0.1546875 0.15 0.21875 0.190625
3 0.1625 0.34296875 0.2875 0.1828125
3 0.34296875 0.48359375 0.5046875 0.253125
3 0.4015625 0.32421875 0.2046875 0.1125
3 0.20078125 0.653125 0.3875 0.2515625
3 0.13046875 0.91015625 0.2609375 0.1703125
3 0.3234375 0.94453125 0.1296875 0.0953125
3 0.4171875 0.75078125 0.1828125 0.1234375
3 0.1546875 0.7984375 0.159375 0.1125
3 0.66875 0.6984375 0.1359375 0.1328125
3 0.4921875 0.6328125 0.2359375 0.1546875
3 0.50859375 0.94921875 0.1640625 0.1015625
3 0.7234375 0.97421875 0.2 0.0515625