3 0.56640625 0.38671875 0.190625 0.13203125
3 0.6484375 0.46953125 0.10078125 0.08046875
3 0.6984375 0.59453125 0.12734375 0.11328125
3 0.84921875 0.60625 0.153125 0.12734375
3 0.93125 0.671875 0.12734375 0.17421875
3 0.8015625 0.7125 0.2171875 0.17890625
3 0.88125 0.86796875 0.22734375 0.1890625
3 0.88125 0.96484375 0.14296875 0.0609375
3 0.59765625 0.85390625 0.30703125 0.17890625
3 0.809375 0.31640625 0.1796875 0.13203125
3 0.75390625 0.39140625 0.121875 0.10390625
3 0.878125 0.41484375 0.1796875 0.14140625
3 0.9125 0.2171875 0.14296875 0.13203125
3 0.73046875 0.15546875 0.1484375 0.14140625
3 0.5875 0.23828125 0.16953125 0.18359375
3 0.88359375 0.11328125 0.15859375 0.15078125
3 0.38125 0.23125 0.16953125 0.14140625
3 0.378125 0.0921875 0.13203125 0.10859375
3 0.16171875 0.1890625 0.19609375 0.16953125
3 0.171875 0.36328125 0.259375 0.16015625
3 0.33828125 0.48828125 0.4546875 0.221875
3 0.3890625 0.3421875 0.18515625 0.09921875
3 0.21171875 0.64375 0.34921875 0.221875
3 0.1484375 0.8984375 0.24375 0.19375
3 0.328125 0.90546875 0.11640625 0.08515625
3 0.41015625 0.72890625 0.1640625 0.10859375
3 0.171875 0.77578125 0.14296875 0.09921875
3 0.6375 0.6765625 0.121875 0.11796875
3 0.4765625 0.6203125 0.21171875 0.13671875
3 0.49765625 0.92890625 0.1484375 0.13203125
3 0.69296875 0.95078125 0.1796875 0.08984375