3 0.16171875 0.23046875 0.26796875 0.17890625
3 0.43359375 0.153125 0.38203125 0.25625
3 0.63203125 0.1015625 0.19609375 0.15859375
3 0.6921875 0.31796875 0.3546875 0.25
3 0.8859375 0.21328125 0.2234375 0.240625
3 0.87734375 0.421875 0.240625 0.21328125
3 0.9046875 0.57265625 0.1859375 0.1234375
3 0.87421875 0.753125 0.246875 0.28203125
3 0.65703125 0.875 0.475 0.2375
3 0.6515625 0.72734375 0.38359375 0.19765625
3 0.659375 0.53984375 0.415625 0.228125
3 0.38203125 0.38828125 0.33359375 0.18203125
3 0.18125 0.471875 0.18125 0.17734375
3 0.2828125 0.7 0.4046875 0.33671875
3 0.3875 0.90546875 0.29296875 0.18515625