3 0.12890625 0.27109375 0.2578125 0.2234375
3 0.37734375 0.15625 0.4296875 0.3125
3 0.5734375 0.08359375 0.225 0.1671875
3 0.6671875 0.2859375 0.4015625 0.309375
3 0.84453125 0.15 0.253125 0.278125
3 0.86640625 0.36640625 0.265625 0.253125
3 0.909375 0.51796875 0.18125 0.1515625
3 0.884375 0.70703125 0.23125 0.3234375
3 0.7109375 0.853125 0.521875 0.29375
3 0.684375 0.7125 0.4234375 0.259375
3 0.66484375 0.51875 0.4609375 0.2953125
3 0.3578125 0.403125 0.3703125 0.2359375
3 0.1640625 0.5171875 0.2125 0.209375
3 0.30078125 0.7375 0.465625 0.4046875
3 0.43671875 0.90859375 0.3265625 0.1828125