3 0.140625 0.26015625 0.28125 0.2015625
3 0.40390625 0.16015625 0.403125 0.2890625
3 0.596875 0.09140625 0.209375 0.175
3 0.67578125 0.3015625 0.375 0.2796875
3 0.859375 0.18046875 0.24375 0.259375
3 0.86875 0.3890625 0.2578125 0.2328125
3 0.90546875 0.53671875 0.1890625 0.1390625
3 0.8796875 0.71875 0.240625 0.303125
3 0.6890625 0.86015625 0.49375 0.278125
3 0.67109375 0.71328125 0.4 0.2296875
3 0.6625 0.52578125 0.434375 0.2640625
3 0.37265625 0.39921875 0.3484375 0.2109375
3 0.1796875 0.5 0.1953125 0.1921875
3 0.30078125 0.71796875 0.4328125 0.3703125
3 0.42265625 0.9046875 0.3078125 0.190625