3 0.74453125 0.52890625 0.146875 0.2
3 0.6640625 0.4625 0.19375 0.284375
3 0.509375 0.640625 0.15625 0.2109375
3 0.35234375 0.41953125 0.2140625 0.21875
3 0.5015625 0.45390625 0.2390625 0.3109375
3 0.45 0.30390625 0.1546875 0.140625
3 0.52734375 0.15625 0.1984375 0.2203125
3 0.26328125 0.21484375 0.4046875 0.3734375
3 0.3328125 0.88046875 0.071875 0.0625
3 0.37421875 0.78203125 0.2703125 0.215625
3 0.178125 0.69921875 0.2171875 0.2109375
3 0.19453125 0.80390625 0.0671875 0.06875
3 0.81640625 0.9234375 0.1765625 0.153125
3 0.90703125 0.76328125 0.146875 0.2828125
3 0.94453125 0.51640625 0.1109375 0.2890625
3 0.95390625 0.25703125 0.0921875 0.2953125
3 0.84296875 0.384375 0.2921875 0.3140625
3 0.78515625 0.69609375 0.2578125 0.4046875
3 0.59609375 0.7015625 0.253125 0.375
3 0.61171875 0.30234375 0.259375 0.3453125
3 0.75390625 0.16640625 0.20625 0.234375
3 0.471875 0.0515625 0.196875 0.103125
3 0.9109375 0.17265625 0.178125 0.2046875
3 0.11171875 0.8390625 0.1984375 0.196875
3 0.04921875 0.70703125 0.0984375 0.1578125
3 0.471875 0.9046875 0.35 0.190625