3 0.7140625 0.471875 0.103125 0.17109375
3 0.62578125 0.42734375 0.1328125 0.246875
3 0.5203125 0.625 0.11171875 0.18046875
3 0.32734375 0.45390625 0.16875 0.17421875
3 0.47265625 0.45390625 0.17265625 0.2625
3 0.3921875 0.32578125 0.1265625 0.1078125
3 0.4328125 0.17265625 0.1515625 0.18046875
3 0.20078125 0.28359375 0.32890625 0.28828125
3 0.40703125 0.884375 0.059375 0.04765625
3 0.42421875 0.78515625 0.228125 0.15859375
3 0.225 0.75 0.175 0.16484375
3 0.2625 0.84296875 0.053125 0.05390625
3 0.86953125 0.83515625 0.1390625 0.1453125
3 0.925 0.653125 0.103125 0.25625
3 0.9359375 0.41328125 0.12421875 0.2625
3 0.915625 0.16484375 0.16484375 0.259375
3 0.77421875 0.31640625 0.228125 0.253125
3 0.78828125 0.6171875 0.17109375 0.3546875
3 0.6140625 0.66328125 0.17265625 0.32578125
3 0.5421875 0.28984375 0.1859375 0.29453125
3 0.6453125 0.134375 0.15625 0.19296875
3 0.35546875 0.06328125 0.17109375 0.1140625
3 0.7953125 0.10625 0.1390625 0.16796875
3 0.19296875 0.90703125 0.15859375 0.18046875
3 0.10625 0.78515625 0.065625 0.1390625
3 0.54765625 0.90859375 0.30625 0.17734375