3 0.73125 0.41171875 0.1484375 0.2046875
3 0.6265625 0.38515625 0.196875 0.2921875
3 0.56015625 0.61953125 0.159375 0.2171875
3 0.315625 0.48125 0.21875 0.2234375
3 0.4703125 0.44765625 0.24375 0.31875
3 0.35625 0.3296875 0.159375 0.14375
3 0.3640625 0.15703125 0.2015625 0.2265625
3 0.175 0.3265625 0.35 0.38125
3 0.4984375 0.92109375 0.0734375 0.0640625
3 0.49375 0.8109375 0.278125 0.2203125
3 0.27421875 0.81953125 0.2234375 0.215625
3 0.33515625 0.91015625 0.0671875 0.06875
3 0.94375 0.76484375 0.1125 0.1859375
3 0.95625 0.5609375 0.0875 0.290625
3 0.92734375 0.30546875 0.140625 0.296875
3 0.85078125 0.09765625 0.1796875 0.1953125
3 0.759375 0.2328125 0.3 0.321875
3 0.8421875 0.55 0.2625 0.415625
3 0.66796875 0.63828125 0.2578125 0.3875
3 0.50703125 0.25703125 0.2640625 0.3546875
3 0.58203125 0.09453125 0.2078125 0.1890625
3 0.2625 0.08046875 0.1984375 0.1171875
3 0.73671875 0.05390625 0.1796875 0.1078125
3 0.27109375 0.93984375 0.2015625 0.1203125
3 0.15546875 0.8828125 0.1015625 0.1625
3 0.64921875 0.8921875 0.3578125 0.215625