3 0.24921875 0.1984375 0.434375 0.26875
3 0.09296875 0.20390625 0.1859375 0.2515625
3 0.68125 0.20234375 0.3703125 0.403125
3 0.778125 0.12578125 0.334375 0.2515625
3 0.609375 0.0453125 0.359375 0.090625
3 0.75 0.5265625 0.446875 0.4515625
3 0.8421875 0.71875 0.3125 0.1953125
3 0.15859375 0.51015625 0.25 0.20625
3 0.465625 0.60546875 0.425 0.365625
3 0.36640625 0.409375 0.5 0.3609375
3 0.20859375 0.69921875 0.3140625 0.3171875
3 0.4703125 0.859375 0.3625 0.225
3 0.61875 0.86171875 0.43125 0.2765625
3 0.92734375 0.44453125 0.1453125 0.2171875