3 0.33671875 0.17734375 0.3859375 0.18046875
3 0.1453125 0.1421875 0.23203125 0.19609375
3 0.73828125 0.26640625 0.29140625 0.33046875
3 0.859375 0.17265625 0.2765625 0.278125
3 0.71015625 0.06015625 0.33125 0.1140625
3 0.73828125 0.58203125 0.35859375 0.3640625
3 0.7859375 0.77890625 0.2765625 0.13125
3 0.18984375 0.45 0.2109375 0.15703125
3 0.4578125 0.6 0.3546875 0.28203125
3 0.40390625 0.396875 0.4328125 0.259375
3 0.19921875 0.6359375 0.25078125 0.25625
3 0.41171875 0.83671875 0.3203125 0.1515625
3 0.5484375 0.8859375 0.37578125 0.225
3 0.93359375 0.54375 0.12890625 0.18515625