3 0.2828125 0.1109375 0.4328125 0.2078125
3 0.1 0.0953125 0.2 0.18125
3 0.73125 0.203125 0.33125 0.3734375
3 0.8515625 0.12578125 0.2875 0.2515625
3 0.696875 0.0203125 0.36875 0.040625
3 0.7375 0.55390625 0.40625 0.4109375
3 0.79453125 0.771875 0.3109375 0.1515625
3 0.125 0.4171875 0.2375 0.178125
3 0.4265625 0.57890625 0.4 0.3203125
3 0.3625 0.3546875 0.4859375 0.296875
3 0.140625 0.6234375 0.28125 0.2890625
3 0.3796875 0.84375 0.359375 0.175
3 0.53203125 0.8828125 0.4234375 0.234375
3 0.940625 0.50703125 0.11875 0.2078125