3 0.20625 0.50234375 0.2296875 0.2203125
3 0.1453125 0.625 0.2765625 0.2203125
3 0.26328125 0.71640625 0.221875 0.1515625
3 0.16640625 0.78359375 0.125 0.075
3 0.275 0.81640625 0.1765625 0.165625
3 0.41015625 0.80546875 0.1625 0.1921875
3 0.459375 0.91171875 0.13125 0.0953125
3 0.53046875 0.82890625 0.1703125 0.2140625
3 0.62109375 0.765625 0.1640625 0.1171875
3 0.44375 0.64140625 0.1875 0.1890625
3 0.36953125 0.6609375 0.125 0.159375
3 0.37890625 0.515625 0.1625 0.1671875
3 0.45078125 0.47578125 0.0859375 0.10625
3 0.5171875 0.453125 0.109375 0.13125
3 0.52265625 0.3265625 0.2046875 0.1828125
3 0.39296875 0.3265625 0.1609375 0.13125
3 0.390625 0.41953125 0.1421875 0.1078125
3 0.296875 0.36484375 0.1171875 0.11875
3 0.56328125 0.6359375 0.2515625 0.228125
3 0.7875 0.6640625 0.2171875 0.1671875
3 0.83828125 0.51484375 0.1921875 0.196875
3 0.6890625 0.55078125 0.165625 0.153125
3 0.5671875 0.46484375 0.190625 0.15625
3 0.69609375 0.4703125 0.18125 0.10625