3 0.234375 0.47265625 0.221875 0.2125
3 0.171875 0.590625 0.2671875 0.2109375
3 0.2859375 0.6828125 0.215625 0.1453125
3 0.18984375 0.746875 0.121875 0.071875
3 0.29453125 0.7796875 0.1703125 0.159375
3 0.42734375 0.771875 0.1578125 0.1875
3 0.47421875 0.87578125 0.128125 0.090625
3 0.54453125 0.79609375 0.1640625 0.2078125
3 0.634375 0.73671875 0.159375 0.1109375
3 0.4640625 0.6125 0.1828125 0.1828125
3 0.390625 0.63046875 0.1203125 0.1546875
3 0.40234375 0.48828125 0.15625 0.1625
3 0.47265625 0.45078125 0.0828125 0.103125
3 0.5390625 0.4296875 0.1046875 0.1265625
3 0.54609375 0.30546875 0.1984375 0.175
3 0.41875 0.30390625 0.15625 0.1265625
3 0.415625 0.39453125 0.1390625 0.1046875
3 0.325 0.33984375 0.1125 0.1140625
3 0.58046875 0.60859375 0.24375 0.2203125
3 0.79765625 0.640625 0.2109375 0.1609375
3 0.8515625 0.4953125 0.1859375 0.1890625
3 0.7046875 0.528125 0.159375 0.146875
3 0.58671875 0.4421875 0.184375 0.15
3 0.7125 0.44921875 0.1765625 0.1