3 0.25078125 0.4390625 0.17734375 0.16640625
3 0.17421875 0.5359375 0.221875 0.15703125
3 0.2609375 0.6390625 0.18359375 0.1015625
3 0.1625 0.68046875 0.10546875 0.04765625
3 0.25234375 0.7296875 0.1375 0.1234375
3 0.3734375 0.74609375 0.11796875 0.153125
3 0.39765625 0.84921875 0.1078125 0.06484375
3 0.47578125 0.7890625 0.1203125 0.17265625
3 0.5671875 0.75 0.13515625 0.07890625
3 0.434375 0.60703125 0.14375 0.14375
3 0.36484375 0.61015625 0.08828125 0.128125
3 0.40078125 0.4828125 0.12265625 0.1296875
3 0.471875 0.46171875 0.0609375 0.08515625
3 0.53515625 0.45390625 0.078125 0.1046875
3 0.56328125 0.3421875 0.16015625 0.134375
3 0.4484375 0.31796875 0.12890625 0.0953125
3 0.4296875 0.4 0.11640625 0.07578125
3 0.35625 0.334375 0.08828125 0.08984375
3 0.54140625 0.62421875 0.19609375 0.16953125
3 0.7328125 0.69140625 0.175 0.1171875
3 0.80703125 0.56875 0.1453125 0.15
3 0.66796875 0.57265625 0.12890625 0.1140625
3 0.57578125 0.47421875 0.1515625 0.1125
3 0.6890625 0.50234375 0.15390625 0.06484375