3 0.40625 0.44765625 0.428125 0.3265625
3 0.4171875 0.6703125 0.2359375 0.234375
3 0.6046875 0.78046875 0.346875 0.33125
3 0.80703125 0.3796875 0.3296875 0.2984375
3 0.81484375 0.58125 0.36875 0.190625
3 0.9 0.77265625 0.15625 0.2546875
3 0.77734375 0.9421875 0.3046875 0.115625
3 0.93828125 0.4125 0.1234375 0.1375
3 0.8734375 0.50546875 0.253125 0.1828125
3 0.80546875 0.16953125 0.340625 0.2234375
3 0.59140625 0.246875 0.3703125 0.2625
3 0.32421875 0.2 0.2921875 0.2203125
3 0.196875 0.6359375 0.2671875 0.278125
3 0.35390625 0.8375 0.3703125 0.325
3 0.50625 0.93515625 0.209375 0.1296875
3 0.74375 0.821875 0.2609375 0.3390625