3 0.35546875 0.48515625 0.3953125 0.2984375
3 0.43203125 0.67734375 0.2171875 0.2171875
3 0.63046875 0.71796875 0.31875 0.3046875
3 0.6875 0.303125 0.303125 0.275
3 0.7921875 0.471875 0.415625 0.184375
3 0.9078125 0.61484375 0.184375 0.2484375
3 0.85234375 0.86015625 0.2953125 0.2171875
3 0.8328125 0.2875 0.153125 0.128125
3 0.82265625 0.3875 0.309375 0.1765625
3 0.92421875 0.24375 0.103125 0.15625
3 0.62265625 0.1171875 0.3140625 0.2046875
3 0.4578125 0.2515625 0.3421875 0.240625
3 0.2078125 0.290625 0.2703125 0.2015625
3 0.22890625 0.71484375 0.2453125 0.25625
3 0.43125 0.84765625 0.34375 0.3046875
3 0.596875 0.9125 0.2 0.175
3 0.76640625 0.71328125 0.2375 0.3140625