3 0.3625 0.45390625 0.35390625 0.23828125
3 0.40703125 0.6515625 0.18515625 0.18359375
3 0.59296875 0.7203125 0.275 0.25703125
3 0.7109375 0.33046875 0.2640625 0.2296875
3 0.7921875 0.509375 0.4046875 0.11953125
3 0.89921875 0.6671875 0.190625 0.215625
3 0.7921875 0.9015625 0.28125 0.18828125
3 0.85390625 0.3375 0.13515625 0.10546875
3 0.82890625 0.43125 0.28671875 0.128125
3 0.95234375 0.309375 0.084375 0.1421875
3 0.67734375 0.1421875 0.28671875 0.15625
3 0.496875 0.2453125 0.309375 0.18828125
3 0.25 0.2453125 0.24140625 0.1609375
3 0.2046875 0.65625 0.2078125 0.2203125
3 0.37890625 0.81875 0.29765625 0.26171875
3 0.53125 0.9109375 0.17421875 0.1609375
3 0.725 0.7359375 0.190625 0.2796875