3 0.23046875 0.58359375 0.196875 0.24375
3 0.38359375 0.3734375 0.203125 0.390625
3 0.2859375 0.1234375 0.1921875 0.1796875
3 0.534375 0.4625 0.175 0.3375
3 0.5953125 0.69609375 0.0765625 0.1265625
3 0.453125 0.77109375 0.31875 0.4578125
3 0.2078125 0.85703125 0.215625 0.2859375
3 0.72734375 0.83671875 0.253125 0.3140625
3 0.92421875 0.89921875 0.1515625 0.1640625
3 0.99453125 0.8484375 0.0109375 0.253125
3 0.90625 0.7578125 0.1671875 0.14375
3 0.9375 0.51328125 0.125 0.4140625
3 0.8296875 0.56953125 0.1375 0.3703125
3 0.68203125 0.57890625 0.190625 0.2328125
3 0.70703125 0.3125 0.2171875 0.3015625
3 0.88203125 0.271875 0.1390625 0.3453125