3 0.203125 0.57734375 0.203125 0.2484375
3 0.35390625 0.36328125 0.2109375 0.3953125
3 0.25234375 0.1125 0.196875 0.1828125
3 0.5078125 0.44921875 0.1828125 0.3421875
3 0.5734375 0.68359375 0.0796875 0.128125
3 0.4328125 0.76484375 0.33125 0.4703125
3 0.18515625 0.853125 0.2203125 0.29375
3 0.709375 0.828125 0.2609375 0.33125
3 0.91484375 0.88671875 0.1703125 0.1796875
3 0.98515625 0.83359375 0.0296875 0.2671875
3 0.8890625 0.740625 0.1703125 0.1484375
3 0.92421875 0.49375 0.1515625 0.41875
3 0.80859375 0.55234375 0.14375 0.3734375
3 0.65859375 0.5640625 0.1953125 0.2375
3 0.67890625 0.2953125 0.2234375 0.3078125
3 0.85546875 0.2515625 0.146875 0.35