3 0.2171875 0.58046875 0.17265625 0.21796875
3 0.3703125 0.3921875 0.17109375 0.3546875
3 0.2921875 0.1546875 0.17109375 0.15859375
3 0.50625 0.4828125 0.14765625 0.30703125
3 0.5515625 0.70234375 0.065625 0.1140625
3 0.41640625 0.778125 0.2765625 0.43671875
3 0.18359375 0.8515625 0.1859375 0.29140625
3 0.66796875 0.8484375 0.221875 0.29765625
3 0.8578125 0.91640625 0.15390625 0.16171875
3 0.9578125 0.871875 0.08046875 0.25
3 0.83828125 0.775 0.15 0.1265625
3 0.91484375 0.55078125 0.16640625 0.3796875
3 0.7765625 0.596875 0.109375 0.33828125
3 0.63828125 0.5984375 0.16640625 0.20859375
3 0.67421875 0.3515625 0.1875 0.271875
3 0.83984375 0.32265625 0.1140625 0.31640625