3 0.06328125 0.7453125 0.109375 0.284375
3 0.15859375 0.67734375 0.1515625 0.3125
3 0.2859375 0.79140625 0.234375 0.30390625
3 0.46796875 0.86171875 0.29140625 0.23671875
3 0.7640625 0.88046875 0.29140625 0.23359375
3 0.49453125 0.575 0.2296875 0.203125
3 0.55390625 0.684375 0.25078125 0.18046875
3 0.70390625 0.525 0.18359375 0.2390625
3 0.7765625 0.65390625 0.228125 0.26484375
3 0.84921875 0.43671875 0.1453125 0.23125
3 0.71171875 0.30546875 0.15390625 0.25625
3 0.6296875 0.19609375 0.1875 0.1828125
3 0.58046875 0.09609375 0.11796875 0.16328125
3 0.49296875 0.15234375 0.11171875 0.2140625
3 0.3015625 0.159375 0.08828125 0.22265625
3 0.2953125 0.27734375 0.1859375 0.1609375
3 0.35546875 0.5109375 0.14140625 0.25625
3 0.50625 0.33828125 0.20703125 0.203125
3 0.5296875 0.44375 0.2359375 0.2109375