3 0.11796875 0.82109375 0.18125 0.33125
3 0.203125 0.7265625 0.2359375 0.371875
3 0.3671875 0.81484375 0.321875 0.3703125
3 0.5796875 0.846875 0.36875 0.30625
3 0.859375 0.8 0.28125 0.30625
3 0.54296875 0.5390625 0.29375 0.271875
3 0.63203125 0.64375 0.3125 0.2515625
3 0.75703125 0.4375 0.253125 0.3
3 0.85546875 0.559375 0.2890625 0.3375
3 0.890625 0.309375 0.2046875 0.28125
3 0.715625 0.1984375 0.225 0.3125
3 0.6015625 0.109375 0.24375 0.21875
3 0.5328125 0.0515625 0.15 0.103125
3 0.446875 0.10546875 0.1625 0.2109375
3 0.24296875 0.1515625 0.1390625 0.2265625
3 0.259375 0.26328125 0.2375 0.215625
3 0.378125 0.5015625 0.2109375 0.309375
3 0.5015625 0.28125 0.2703125 0.265625
3 0.55 0.38984375 0.303125 0.28125