3 0.0546875 0.7078125 0.109375 0.296875
3 0.14375 0.6484375 0.18125 0.3296875
3 0.2625 0.775 0.2640625 0.328125
3 0.43984375 0.86171875 0.3140625 0.2640625
3 0.73671875 0.8875 0.3140625 0.225
3 0.49296875 0.57421875 0.25 0.225
3 0.5421875 0.690625 0.26875 0.2046875
3 0.70703125 0.5421875 0.20625 0.2578125
3 0.76953125 0.678125 0.253125 0.2875
3 0.8625 0.465625 0.1671875 0.246875
3 0.73515625 0.32109375 0.178125 0.2734375
3 0.6625 0.203125 0.2046875 0.2015625
3 0.62109375 0.09765625 0.1328125 0.175
3 0.52734375 0.146875 0.13125 0.2265625
3 0.334375 0.1375 0.109375 0.2328125
3 0.3171875 0.25546875 0.2015625 0.178125
3 0.3578125 0.49765625 0.165625 0.271875
3 0.525 0.3359375 0.2265625 0.2234375
3 0.5390625 0.44453125 0.25625 0.234375