3 0.609375 0.34140625 0.3296875 0.2515625
3 0.3703125 0.38984375 0.2359375 0.2078125
3 0.15546875 0.2203125 0.246875 0.165625
3 0.11484375 0.08203125 0.1828125 0.1640625
3 0.49375 0.121875 0.590625 0.24375
3 0.85234375 0.3234375 0.2953125 0.2625
3 0.734375 0.42109375 0.2171875 0.146875
3 0.81328125 0.5203125 0.2671875 0.1984375
3 0.84921875 0.63046875 0.296875 0.196875
3 0.40078125 0.5890625 0.446875 0.328125
3 0.73671875 0.09375 0.3375 0.178125
3 0.66484375 0.76015625 0.2390625 0.19375
3 0.471875 0.82890625 0.246875 0.153125
3 0.28046875 0.91953125 0.278125 0.15
3 0.2484375 0.80625 0.246875 0.3109375
3 0.0765625 0.8671875 0.153125 0.175
3 0.859375 0.90390625 0.2375 0.1921875
3 0.66171875 0.9171875 0.3421875 0.165625