3 0.6171875 0.3265625 0.36875 0.3046875
3 0.36640625 0.33671875 0.26875 0.24375
3 0.1859375 0.13203125 0.25 0.1984375
3 0.1734375 0.03984375 0.165625 0.0796875
3 0.53125 0.12734375 0.621875 0.2546875
3 0.84921875 0.35 0.3015625 0.315625
3 0.73046875 0.42734375 0.2390625 0.18125
3 0.7953125 0.54140625 0.2984375 0.240625
3 0.81953125 0.66015625 0.3375 0.246875
3 0.36484375 0.54453125 0.496875 0.3984375
3 0.78203125 0.11484375 0.35625 0.19375
3 0.60546875 0.7609375 0.26875 0.23125
3 0.39765625 0.8 0.2703125 0.1921875
3 0.1875 0.865625 0.3046875 0.20625
3 0.17421875 0.740625 0.2953125 0.35
3 0.040625 0.77578125 0.08125 0.1953125
3 0.7828125 0.91328125 0.284375 0.1734375
3 0.57421875 0.90546875 0.3734375 0.1890625