3 0.578125 0.32734375 0.3 0.22109375
3 0.35390625 0.3890625 0.2125 0.184375
3 0.1375 0.2421875 0.2265625 0.14296875
3 0.08671875 0.10859375 0.1671875 0.15703125
3 0.453125 0.1171875 0.55078125 0.21171875
3 0.8359375 0.29375 0.3203125 0.2328125
3 0.70234375 0.3953125 0.1984375 0.1265625
3 0.78359375 0.48515625 0.24375 0.17265625
3 0.84140625 0.5875 0.303125 0.1703125
3 0.3953125 0.578125 0.4078125 0.2859375
3 0.6828125 0.08203125 0.31328125 0.15
3 0.65859375 0.7234375 0.21640625 0.1703125
3 0.47890625 0.803125 0.2265625 0.13125
3 0.303125 0.9125 0.2578125 0.14765625
3 0.26484375 0.79609375 0.21640625 0.28359375
3 0.09609375 0.86640625 0.15703125 0.15703125
3 0.87265625 0.8671875 0.24765625 0.2046875
3 0.6671875 0.90078125 0.3171875 0.1890625