3 0.275 0.05703125 0.1046875 0.1015625
3 0.54375 0.03359375 0.115625 0.0671875
3 0.90390625 0.38125 0.0796875 0.0578125
3 0.93359375 0.54375 0.1125 0.1140625
3 0.9140625 0.70078125 0.1203125 0.1125
3 0.846875 0.71796875 0.05 0.103125
3 0.87890625 0.8921875 0.1515625 0.19375
3 0.7515625 0.88828125 0.0578125 0.0921875
3 0.59453125 0.9703125 0.171875 0.0578125
3 0.3359375 0.92265625 0.20625 0.1546875
3 0.1359375 0.85625 0.253125 0.175
3 0.08984375 0.721875 0.1171875 0.1390625
3 0.0390625 0.6078125 0.075 0.1171875
3 0.14765625 0.171875 0.090625 0.0828125
3 0.0203125 0.240625 0.040625 0.1125
3 0.0125 0.0390625 0.025 0.04375
3 0.44296875 0.53046875 0.8734375 0.9046875