3 0.32109375 0.10703125 0.10625 0.10625
3 0.59296875 0.08203125 0.1171875 0.075
3 0.95546875 0.434375 0.08125 0.059375
3 0.96484375 0.59765625 0.0703125 0.1140625
3 0.95234375 0.75546875 0.0953125 0.1109375
3 0.8984375 0.7734375 0.05 0.1046875
3 0.9265625 0.91953125 0.146875 0.1359375
3 0.8015625 0.94453125 0.0578125 0.0921875
3 0.38125 0.95078125 0.20625 0.0984375
3 0.1734375 0.91171875 0.26875 0.1765625
3 0.13359375 0.77734375 0.11875 0.140625
3 0.0625 0.66328125 0.11875 0.11875
3 0.1921875 0.225 0.090625 0.0828125
3 0.053125 0.2953125 0.0640625 0.1140625
3 0.034375 0.084375 0.06875 0.059375
3 0.48984375 0.5640625 0.8796875 0.871875