3 0.3375 0.1109375 0.09296875 0.09296875
3 0.58515625 0.096875 0.103125 0.06484375
3 0.903125 0.428125 0.071875 0.05078125
3 0.925 0.57734375 0.09921875 0.1015625
3 0.9015625 0.71953125 0.1078125 0.0984375
3 0.83984375 0.73359375 0.0421875 0.09296875
3 0.8640625 0.903125 0.1328125 0.1890625
3 0.746875 0.8859375 0.05078125 0.08203125
3 0.6015625 0.96484375 0.15625 0.06484375
3 0.36640625 0.9171875 0.18359375 0.1609375
3 0.178125 0.83671875 0.23828125 0.15234375
3 0.146875 0.7125 0.103125 0.12421875
3 0.075 0.60703125 0.12421875 0.10390625
3 0.2171875 0.2140625 0.08046875 0.0734375
3 0.08828125 0.2734375 0.0546875 0.1015625
3 0.07265625 0.08203125 0.07421875 0.05078125
3 0.4765625 0.54921875 0.771875 0.8