3 0.13046875 0.275 0.221875 0.1875
3 0.3140625 0.1953125 0.2265625 0.178125
3 0.50390625 0.171875 0.1953125 0.19375
3 0.61328125 0.0765625 0.2046875 0.153125
3 0.70078125 0.184375 0.1984375 0.16875
3 0.85859375 0.2 0.1890625 0.175
3 0.86171875 0.09296875 0.1328125 0.1640625
3 0.92578125 0.3 0.1078125 0.1578125
3 0.778125 0.3234375 0.240625 0.196875
3 0.56640625 0.3421875 0.23125 0.1953125
3 0.4203125 0.2875 0.2109375 0.1890625
3 0.25625 0.36171875 0.2109375 0.19375
3 0.2203125 0.49921875 0.2125 0.1796875
3 0.315625 0.61328125 0.2140625 0.1859375
3 0.3765625 0.446875 0.1609375 0.1921875
3 0.7125 0.49296875 0.2140625 0.1921875
3 0.8625 0.4015625 0.221875 0.18125
3 0.890625 0.55234375 0.21875 0.2015625
3 0.93046875 0.659375 0.1390625 0.1625
3 0.79921875 0.709375 0.2125 0.209375
3 0.721875 0.84140625 0.228125 0.190625
3 0.56796875 0.7859375 0.1984375 0.2015625
3 0.6171875 0.61875 0.209375 0.2015625
3 0.44921875 0.6703125 0.228125 0.203125
3 0.3625 0.8203125 0.225 0.2078125
3 0.478125 0.9140625 0.20625 0.171875
3 0.1984375 0.7796875 0.2265625 0.2015625
3 0.1421875 0.6390625 0.2078125 0.190625