3 0.18515625 0.26015625 0.20625 0.1625
3 0.3796875 0.21015625 0.2125 0.15
3 0.57265625 0.2171875 0.1765625 0.1765625
3 0.7 0.1234375 0.1875 0.1640625
3 0.76796875 0.2609375 0.184375 0.146875
3 0.91328125 0.30234375 0.1546875 0.153125
3 0.9328125 0.19609375 0.096875 0.1515625
3 0.9640625 0.4125 0.071875 0.15
3 0.82265625 0.4125 0.225 0.1703125
3 0.60859375 0.39609375 0.215625 0.1703125
3 0.471875 0.31875 0.1953125 0.165625
3 0.29609375 0.3671875 0.19375 0.171875
3 0.2390625 0.4984375 0.1984375 0.15625
3 0.315625 0.62734375 0.1984375 0.1625
3 0.40234375 0.471875 0.140625 0.178125
3 0.7296875 0.57109375 0.196875 0.1703125
3 0.89453125 0.503125 0.2078125 0.15625
3 0.8984375 0.66015625 0.203125 0.1734375
3 0.92890625 0.77890625 0.1421875 0.1359375
3 0.7828125 0.80078125 0.1921875 0.1890625
3 0.68359375 0.915625 0.2109375 0.1578125
3 0.53984375 0.83984375 0.178125 0.18125
3 0.615625 0.68125 0.1890625 0.18125
3 0.440625 0.70625 0.209375 0.1796875
3 0.3296875 0.8421875 0.2046875 0.184375
3 0.42421875 0.9390625 0.1796875 0.121875
3 0.17265625 0.77578125 0.209375 0.1765625
3 0.1390625 0.6265625 0.190625 0.1703125