3 0.2109375 0.2203125 0.18125 0.1375
3 0.396875 0.18984375 0.18984375 0.125
3 0.57578125 0.21171875 0.1515625 0.1515625
3 0.70234375 0.13515625 0.16484375 0.1390625
3 0.75390625 0.26796875 0.1625 0.1234375
3 0.909375 0.31796875 0.17734375 0.13203125
3 0.93671875 0.22109375 0.12265625 0.1359375
3 0.9484375 0.42578125 0.09921875 0.1359375
3 0.79296875 0.41328125 0.1984375 0.14296875
3 0.5953125 0.38203125 0.18984375 0.14296875
3 0.4734375 0.2984375 0.17109375 0.14140625
3 0.30625 0.32890625 0.16875 0.14609375
3 0.24140625 0.44609375 0.175 0.13046875
3 0.303125 0.5734375 0.175 0.1375
3 0.396875 0.434375 0.11796875 0.15703125
3 0.69375 0.55390625 0.17265625 0.14453125
3 0.853125 0.5046875 0.18359375 0.13046875
3 0.85546875 0.6515625 0.20078125 0.14609375
3 0.9 0.76484375 0.19609375 0.11484375
3 0.725 0.77265625 0.16640625 0.1625
3 0.6234375 0.87578125 0.1875 0.1390625
3 0.49453125 0.7890625 0.15390625 0.15703125
3 0.578125 0.64765625 0.16484375 0.15546875
3 0.4125 0.65625 0.18359375 0.1515625
3 0.2984375 0.7734375 0.1796875 0.15703125
3 0.3796875 0.90703125 0.16015625 0.17109375
3 0.15703125 0.69921875 0.18359375 0.15
3 0.13828125 0.55703125 0.16640625 0.14453125