3 0.16796875 0.4015625 0.315625 0.1765625
3 0.40390625 0.0984375 0.228125 0.190625
3 0.63203125 0.18359375 0.28671875 0.25859375
3 0.43125 0.2484375 0.1984375 0.2109375
3 0.32734375 0.50859375 0.17890625 0.1734375
3 0.2703125 0.81796875 0.20859375 0.234375
3 0.32578125 0.9421875 0.28671875 0.10859375
3 0.6171875 0.79765625 0.16640625 0.234375
3 0.5 0.87421875 0.20546875 0.16328125
3 0.85859375 0.85859375 0.2765625 0.27578125
3 0.87421875 0.56796875 0.24453125 0.3265625
3 0.7765625 0.4203125 0.159375 0.14609375
3 0.56328125 0.50703125 0.33203125 0.2859375
3 0.496875 0.61875 0.2703125 0.22421875
3 0.953125 0.284375 0.08828125 0.2078125