3 0.13984375 0.49921875 0.2796875 0.2390625
3 0.2890625 0.134375 0.2828125 0.246875
3 0.553125 0.18125 0.3609375 0.3359375
3 0.34765625 0.290625 0.25625 0.2671875
3 0.28515625 0.59375 0.228125 0.2234375
3 0.27890625 0.896875 0.2671875 0.20625
3 0.3578125 0.9890625 0.315625 0.021875
3 0.6546875 0.85 0.225 0.2828125
3 0.53828125 0.925 0.2453125 0.15
3 0.87578125 0.82734375 0.2484375 0.2578125
3 0.86328125 0.553125 0.2734375 0.4
3 0.75625 0.4109375 0.2015625 0.190625
3 0.540625 0.54609375 0.4171875 0.375
3 0.48984375 0.68125 0.3375 0.296875
3 0.915625 0.22890625 0.1265625 0.240625