3 0.184375 0.35546875 0.3453125 0.2203125
3 0.4625 0.09375 0.25625 0.1875
3 0.68671875 0.19140625 0.325 0.3
3 0.47421875 0.23203125 0.2296875 0.2390625
3 0.334375 0.48515625 0.2046875 0.2
3 0.2375 0.79375 0.2421875 0.265625
3 0.27890625 0.92421875 0.30625 0.140625
3 0.5953125 0.81640625 0.2 0.2609375
3 0.46484375 0.8796875 0.23125 0.1921875
3 0.821875 0.875 0.29375 0.25
3 0.8703125 0.61328125 0.259375 0.3609375
3 0.80546875 0.45078125 0.18125 0.16875
3 0.5765625 0.5125 0.375 0.3328125
3 0.49375 0.61875 0.3046875 0.2625
3 0.971875 0.33203125 0.05625 0.2203125