3 0.14765625 0.14296875 0.209375 0.171875
3 0.084375 0.0546875 0.16875 0.109375
3 0.07109375 0.25859375 0.1421875 0.109375
3 0.1265625 0.33984375 0.221875 0.1234375
3 0.29453125 0.7625 0.2 0.19375
3 0.2234375 0.9 0.1625 0.1515625
3 0.11875 0.584375 0.1625 0.1265625
3 0.1234375 0.44921875 0.215625 0.165625
3 0.24765625 0.56171875 0.23125 0.14375
3 0.28125 0.4328125 0.1734375 0.134375
3 0.3578125 0.334375 0.221875 0.11875
3 0.38984375 0.25859375 0.2421875 0.109375
3 0.40546875 0.10703125 0.2421875 0.2140625
3 0.609375 0.0296875 0.29375 0.059375
3 0.93125 0.0390625 0.1375 0.078125
3 0.79453125 0.1125 0.146875 0.203125
3 0.6265625 0.16015625 0.209375 0.19375
3 0.67890625 0.29609375 0.253125 0.134375
3 0.8890625 0.27578125 0.221875 0.2078125
3 0.915625 0.4578125 0.16875 0.175
3 0.87109375 0.65859375 0.20625 0.23125
3 0.75 0.4171875 0.309375 0.14375
3 0.63984375 0.5125 0.2375 0.1375
3 0.48671875 0.46796875 0.20625 0.1265625
3 0.53125 0.35390625 0.1578125 0.1234375
3 0.51015625 0.63359375 0.209375 0.11875
3 0.47109375 0.75859375 0.215625 0.19375
3 0.67109375 0.79921875 0.19375 0.1125
3 0.68984375 0.62890625 0.146875 0.1375
3 0.92109375 0.93671875 0.1578125 0.1265625
3 0.7765625 0.93125 0.20625 0.109375
3 0.59453125 0.93671875 0.209375 0.1265625
3 0.5 0.89609375 0.2734375 0.109375
3 0.82109375 0.83125 0.2 0.0984375
3 0.33984375 0.96484375 0.2375 0.0703125