3 0.17109375 0.19453125 0.1953125 0.16015625
3 0.1046875 0.1109375 0.17109375 0.1046875
3 0.0875 0.30234375 0.15625 0.1015625
3 0.1515625 0.37734375 0.2046875 0.1140625
3 0.30703125 0.76953125 0.18515625 0.1796875
3 0.24140625 0.896875 0.1515625 0.140625
3 0.14375 0.6046875 0.1515625 0.11796875
3 0.1484375 0.47890625 0.2 0.15390625
3 0.26328125 0.58359375 0.21484375 0.134375
3 0.2953125 0.4640625 0.1609375 0.12421875
3 0.365625 0.37265625 0.2046875 0.1109375
3 0.3953125 0.30234375 0.22421875 0.1015625
3 0.409375 0.1390625 0.22421875 0.2453125
3 0.6 0.065625 0.2734375 0.1046875
3 0.91484375 0.071875 0.1609375 0.12421875
3 0.77109375 0.16640625 0.13671875 0.18984375
3 0.61484375 0.2109375 0.1953125 0.1796875
3 0.66328125 0.33671875 0.234375 0.12421875
3 0.87578125 0.31875 0.2390625 0.19296875
3 0.9 0.48671875 0.190625 0.16328125
3 0.84140625 0.6734375 0.190625 0.215625
3 0.72890625 0.44921875 0.2875 0.134375
3 0.6265625 0.5375 0.21953125 0.12734375
3 0.48515625 0.496875 0.190625 0.11796875
3 0.5265625 0.390625 0.14609375 0.1140625
3 0.50703125 0.65 0.1953125 0.1109375
3 0.47109375 0.76640625 0.2 0.1796875
3 0.65625 0.80390625 0.18046875 0.1046875
3 0.6734375 0.6453125 0.13671875 0.12734375
3 0.9 0.934375 0.17109375 0.12421875
3 0.75390625 0.9265625 0.190625 0.1015625
3 0.58515625 0.9328125 0.1953125 0.12109375
3 0.49765625 0.89375 0.25390625 0.1015625
3 0.7953125 0.83359375 0.18515625 0.09140625
3 0.3484375 0.9609375 0.21953125 0.071875