3 0.24140625 0.134375 0.2296875 0.2015625
3 0.190625 0.053125 0.19375 0.10625
3 0.1359375 0.228125 0.178125 0.134375
3 0.18515625 0.31640625 0.23125 0.15625
3 0.2671875 0.7453125 0.2234375 0.21875
3 0.175 0.86171875 0.18125 0.171875
3 0.13359375 0.54609375 0.1765625 0.15
3 0.16328125 0.41953125 0.2328125 0.1953125
3 0.259375 0.54765625 0.24375 0.178125
3 0.31484375 0.4328125 0.1875 0.1578125
3 0.4046875 0.35390625 0.23125 0.153125
3 0.4484375 0.2890625 0.2484375 0.146875
3 0.49453125 0.1359375 0.2765625 0.271875
3 0.703125 0.0890625 0.2984375 0.159375
3 0.96328125 0.15390625 0.0734375 0.1515625
3 0.85625 0.22578125 0.1765625 0.21875
3 0.68984375 0.2390625 0.234375 0.221875
3 0.7140625 0.37578125 0.2625 0.171875
3 0.89609375 0.396875 0.2078125 0.2375
3 0.90625 0.571875 0.1875 0.196875
3 0.82890625 0.753125 0.2359375 0.25625
3 0.75859375 0.50390625 0.31875 0.1921875
3 0.6375 0.57265625 0.2484375 0.1734375
3 0.5015625 0.503125 0.2171875 0.1578125
3 0.56484375 0.4046875 0.171875 0.1453125
3 0.49375 0.6640625 0.2203125 0.1515625
3 0.43359375 0.77421875 0.2390625 0.221875
3 0.6140625 0.84921875 0.203125 0.1421875
3 0.66328125 0.69140625 0.1640625 0.15625
3 0.82890625 0.975 0.1734375 0.05
3 0.6890625 0.9609375 0.2125 0.078125
3 0.51875 0.94296875 0.21875 0.1140625
3 0.4359375 0.909375 0.278125 0.153125
3 0.75078125 0.90703125 0.20625 0.1296875
3 0.2734375 0.9375 0.2328125 0.096875