3 0.68828125 0.4234375 0.3390625 0.2921875
3 0.87734375 0.39140625 0.2453125 0.2984375
3 0.88125 0.29296875 0.19375 0.184375
3 0.78359375 0.16875 0.228125 0.2515625
3 0.78125 0.046875 0.221875 0.09375
3 0.55078125 0.15234375 0.2484375 0.2578125
3 0.64375 0.2640625 0.2375 0.209375
3 0.40703125 0.16171875 0.1890625 0.2453125
3 0.425 0.0421875 0.2125 0.084375
3 0.596875 0.0109375 0.165625 0.021875
3 0.24375 0.30078125 0.3265625 0.2984375
3 0.44765625 0.41875 0.1859375 0.2171875
3 0.56640625 0.60625 0.3109375 0.2984375
3 0.6953125 0.66328125 0.2703125 0.2015625
3 0.9 0.6 0.2 0.2375
3 0.88984375 0.73984375 0.2203125 0.2203125
3 0.953125 0.8203125 0.09375 0.18125
3 0.83125 0.87265625 0.2171875 0.165625
3 0.671875 0.79765625 0.259375 0.159375
3 0.65 0.88671875 0.2578125 0.1796875
3 0.37578125 0.909375 0.3921875 0.18125
3 0.35546875 0.61953125 0.3015625 0.225
3 0.3109375 0.77421875 0.3421875 0.3015625
3 0.16484375 0.7171875 0.278125 0.203125
3 0.11171875 0.3875 0.2234375 0.234375