3 0.7 0.490625 0.2765625 0.21796875
3 0.884375 0.503125 0.1921875 0.24296875
3 0.91171875 0.41171875 0.16953125 0.1421875
3 0.840625 0.27734375 0.1734375 0.2015625
3 0.875 0.10234375 0.18046875 0.1796875
3 0.63046875 0.21328125 0.1921875 0.2046875
3 0.6921875 0.334375 0.1921875 0.1578125
3 0.4984375 0.190625 0.134375 0.2046875
3 0.5421875 0.05703125 0.1921875 0.09453125
3 0.709375 0.05390625 0.15 0.06953125
3 0.31953125 0.28359375 0.26171875 0.22734375
3 0.48046875 0.43515625 0.13828125 0.1765625
3 0.55 0.6328125 0.24609375 0.23046875
3 0.65546875 0.71171875 0.2265625 0.1421875
3 0.88828125 0.703125 0.215625 0.1828125
3 0.83671875 0.8265625 0.21171875 0.1640625
3 0.91171875 0.92421875 0.16953125 0.1453125
3 0.73671875 0.93515625 0.18046875 0.12265625
3 0.60546875 0.8296875 0.2265625 0.10078125
3 0.5671875 0.90703125 0.21953125 0.12265625
3 0.30390625 0.90859375 0.33828125 0.1765625
3 0.35390625 0.59921875 0.25390625 0.1578125
3 0.28046875 0.73203125 0.2765625 0.22734375
3 0.15546875 0.6484375 0.2421875 0.1421875
3 0.15546875 0.3296875 0.2265625 0.1734375