3 0.73515625 0.41328125 0.3421875 0.2921875
3 0.903125 0.39375 0.19375 0.290625
3 0.9109375 0.2921875 0.140625 0.175
3 0.8421875 0.15546875 0.228125 0.2515625
3 0.82890625 0.03828125 0.1828125 0.0765625
3 0.60390625 0.13046875 0.2484375 0.2609375
3 0.6953125 0.24765625 0.2390625 0.209375
3 0.45703125 0.134375 0.1875 0.2484375
3 0.48125 0.02578125 0.2125 0.0515625
3 0.284375 0.27109375 0.328125 0.2984375
3 0.4890625 0.4 0.1859375 0.21875
3 0.6046875 0.59765625 0.3125 0.2984375
3 0.734375 0.66015625 0.2734375 0.2
3 0.9234375 0.609375 0.153125 0.228125
3 0.9109375 0.746875 0.178125 0.21875
3 0.9734375 0.83515625 0.053125 0.1640625
3 0.86640625 0.8765625 0.2171875 0.15625
3 0.70546875 0.79765625 0.2640625 0.1546875
3 0.68046875 0.88828125 0.2609375 0.178125
3 0.396875 0.90703125 0.396875 0.1859375
3 0.3875 0.603125 0.3046875 0.221875
3 0.33671875 0.76015625 0.34375 0.3015625
3 0.18515625 0.696875 0.2890625 0.203125
3 0.12890625 0.3546875 0.2578125 0.234375