3 0.20703125 0.4125 0.25625 0.3359375
3 0.17109375 0.765625 0.26953125 0.4109375
3 0.3734375 0.73046875 0.17421875 0.35703125
3 0.4984375 0.49140625 0.2796875 0.228125
3 0.66796875 0.4375 0.19765625 0.31953125
3 0.5578125 0.759375 0.29296875 0.33203125
3 0.53984375 0.88984375 0.190625 0.21171875
3 0.7828125 0.784375 0.14453125 0.41484375
3 0.9078125 0.75703125 0.17734375 0.47734375
3 0.8734375 0.35234375 0.246875 0.45625
3 0.35234375 0.165625 0.21015625 0.240625
3 0.40625 0.3796875 0.19375 0.253125