3 0.42109375 0.58046875 0.26875 0.296875
3 0.32421875 0.325 0.2296875 0.2015625
3 0.43046875 0.12578125 0.2625 0.0921875
3 0.43671875 0.2578125 0.2640625 0.25
3 0.62109375 0.22890625 0.203125 0.171875
3 0.6453125 0.484375 0.3125 0.2421875
3 0.69609375 0.728125 0.33125 0.4125
3 0.18984375 0.8703125 0.3296875 0.259375
3 0.0734375 0.34609375 0.146875 0.2546875
3 0.11015625 0.190625 0.2203125 0.20625
3 0.20234375 0.58203125 0.2578125 0.3640625
3 0.50859375 0.8421875 0.3328125 0.315625
3 0.89453125 0.64921875 0.2109375 0.5046875
3 0.77265625 0.0984375 0.2390625 0.196875