3 0.44453125 0.5609375 0.22578125 0.25546875
3 0.38046875 0.3140625 0.1984375 0.16875
3 0.49765625 0.13828125 0.23984375 0.0609375
3 0.490625 0.26171875 0.22578125 0.2125
3 0.66328125 0.253125 0.175 0.14296875
3 0.6609375 0.49375 0.271875 0.19921875
3 0.684375 0.725 0.271875 0.359375
3 0.18671875 0.8484375 0.30859375 0.29453125
3 0.13125 0.30703125 0.14296875 0.225
3 0.165625 0.16640625 0.24921875 0.16875
3 0.2421875 0.54140625 0.20703125 0.3203125
3 0.5 0.8375 0.28125 0.31640625
3 0.8984375 0.6734375 0.19375 0.4546875
3 0.8203125 0.12109375 0.203125 0.21640625