3 0.5015625 0.5890625 0.290625 0.3171875
3 0.38828125 0.33203125 0.2453125 0.21875
3 0.48671875 0.12109375 0.2734375 0.1078125
3 0.5 0.25625 0.2828125 0.2703125
3 0.6875 0.2171875 0.215625 0.1859375
3 0.7265625 0.478125 0.33125 0.2625
3 0.79140625 0.72578125 0.359375 0.4375
3 0.2625 0.8796875 0.378125 0.240625
3 0.11484375 0.36796875 0.1953125 0.26875
3 0.13984375 0.20859375 0.2796875 0.2265625
3 0.27578125 0.603125 0.28125 0.384375
3 0.60390625 0.8421875 0.3515625 0.315625
3 0.9359375 0.6390625 0.128125 0.5125
3 0.82890625 0.090625 0.2421875 0.18125