3 0.3078125 0.23984375 0.27578125 0.22890625
3 0.6515625 0.103125 0.26171875 0.1546875
3 0.81953125 0.41171875 0.31328125 0.47578125
3 0.56640625 0.32265625 0.35703125 0.284375
3 0.6 0.68671875 0.37734375 0.28046875
3 0.3078125 0.63984375 0.19375 0.34296875
3 0.23125 0.6734375 0.10234375 0.18828125
3 0.43046875 0.440625 0.26171875 0.246875
3 0.5015625 0.60546875 0.18046875 0.1625
3 0.83828125 0.1828125 0.2078125 0.13671875
3 0.89453125 0.75859375 0.190625 0.13671875
3 0.70390625 0.86171875 0.2921875 0.26953125
3 0.51171875 0.8875 0.16640625 0.21796875
3 0.25546875 0.88203125 0.23125 0.19921875
3 0.075 0.5515625 0.1359375 0.2765625
3 0.18359375 0.5 0.14296875 0.203125
3 0.12421875 0.365625 0.13984375 0.20703125
3 0.08125 0.21015625 0.1359375 0.14765625