3 0.2765625 0.24140625 0.3125 0.265625
3 0.6421875 0.08203125 0.29375 0.1640625
3 0.8296875 0.39921875 0.340625 0.5359375
3 0.5625 0.3171875 0.4046875 0.3296875
3 0.6203125 0.71171875 0.4265625 0.3265625
3 0.3 0.678125 0.2296875 0.3859375
3 0.21796875 0.71875 0.121875 0.2109375
3 0.421875 0.453125 0.2984375 0.284375
3 0.50859375 0.62890625 0.2046875 0.1875
3 0.85078125 0.1484375 0.2328125 0.1609375
3 0.91796875 0.7734375 0.1640625 0.159375
3 0.74140625 0.86796875 0.33125 0.2546875
3 0.534375 0.90625 0.190625 0.1875
3 0.25546875 0.9140625 0.2609375 0.171875
3 0.0609375 0.59296875 0.121875 0.3078125
3 0.15703125 0.53203125 0.1671875 0.2296875
3 0.084375 0.3890625 0.1625 0.2328125
3 0.05390625 0.22109375 0.1078125 0.1671875