3 0.28984375 0.18828125 0.325 0.278125
3 0.65703125 0.05078125 0.2984375 0.1015625
3 0.83671875 0.328125 0.3265625 0.546875
3 0.58203125 0.2546875 0.4203125 0.346875
3 0.65390625 0.65 0.4421875 0.34375
3 0.328125 0.62734375 0.246875 0.3953125
3 0.246875 0.67109375 0.1296875 0.215625
3 0.44375 0.396875 0.3125 0.296875
3 0.53828125 0.5703125 0.2140625 0.1953125
3 0.8578125 0.0796875 0.221875 0.159375
3 0.93671875 0.703125 0.1265625 0.1625
3 0.78515625 0.8296875 0.3484375 0.3203125
3 0.57578125 0.875 0.2046875 0.25
3 0.29296875 0.88828125 0.2734375 0.2234375
3 0.07578125 0.5515625 0.1515625 0.315625
3 0.178125 0.48515625 0.1765625 0.2359375
3 0.1 0.34296875 0.1734375 0.240625
3 0.059375 0.1765625 0.11875 0.175