3 0.540625 0.21328125 0.08125 0.0953125
3 0.7484375 0.74140625 0.059375 0.0671875
3 0.7640625 0.48125 0.1171875 0.184375
3 0.521875 0.28984375 0.1046875 0.09375
3 0.45078125 0.86796875 0.1890625 0.15625
3 0.4109375 0.31953125 0.0984375 0.13125
3 0.93515625 0.32734375 0.078125 0.0859375
3 0.91875 0.63203125 0.1453125 0.128125
3 0.58984375 0.66328125 0.1203125 0.1296875
3 0.26796875 0.725 0.3453125 0.35
3 0.44921875 0.671875 0.153125 0.1359375
3 0.86875 0.50078125 0.2625 0.2734375
3 0.27265625 0.8890625 0.1796875 0.171875
3 0.43671875 0.15546875 0.1 0.075
3 0.91484375 0.79375 0.0796875 0.0890625
3 0.4203125 0.4625 0.1578125 0.15625
3 0.940625 0.38515625 0.0859375 0.0734375
3 0.5203125 0.7484375 0.134375 0.1046875
3 0.146875 0.08515625 0.165625 0.1703125
3 0.0953125 0.76015625 0.190625 0.3421875
3 0.06484375 0.29765625 0.1 0.1875
3 0.090625 0.5296875 0.065625 0.075
3 0.6875 0.17734375 0.0609375 0.06875
3 0.7953125 0.8875 0.23125 0.225
3 0.6125 0.2796875 0.090625 0.1046875
3 0.025 0.56484375 0.05 0.0953125
3 0.90390625 0.2734375 0.0796875 0.103125
3 0.8484375 0.6421875 0.0921875 0.1
3 0.62421875 0.540625 0.0546875 0.0453125
3 0.02734375 0.43515625 0.0546875 0.1390625
3 0.284375 0.50625 0.1046875 0.0875
3 0.88828125 0.8921875 0.1171875 0.215625
3 0.08984375 0.20859375 0.096875 0.1234375
3 0.28125 0.41953125 0.065625 0.08125
3 0.57109375 0.53203125 0.0828125 0.0671875
3 0.353125 0.43359375 0.1015625 0.0828125
3 0.690625 0.28359375 0.0515625 0.0671875
3 0.85625 0.3859375 0.0828125 0.0796875
3 0.19765625 0.20546875 0.1609375 0.125
3 0.51875 0.415625 0.0671875 0.071875
3 0.23828125 0.32890625 0.228125 0.1953125
3 0.7609375 0.6703125 0.0515625 0.0421875
3 0.48515625 0.25234375 0.075 0.0875
3 0.784375 0.24375 0.0546875 0.0515625
3 0.4359375 0.56171875 0.23125 0.1640625
3 0.62578125 0.45546875 0.2421875 0.2140625
3 0.11171875 0.6125 0.1390625 0.146875
3 0.340625 0.190625 0.16875 0.1234375
3 0.4390625 0.1984375 0.0453125 0.0671875
3 0.684375 0.5640625 0.121875 0.125
3 0.84765625 0.73359375 0.1765625 0.1921875
3 0.73046875 0.24921875 0.125 0.1375
3 0.7546875 0.1828125 0.0859375 0.0703125
3 0.5453125 0.696875 0.0796875 0.078125
3 0.9625 0.26953125 0.075 0.0859375