3 0.5109375 0.21953125 0.06875 0.084375
3 0.790625 0.696875 0.0484375 0.0578125
3 0.03359375 0.89296875 0.0671875 0.1671875
3 0.7671875 0.44375 0.0890625 0.1703125
3 0.503125 0.29609375 0.090625 0.0796875
3 0.5234375 0.86484375 0.16875 0.1296875
3 0.4015625 0.3421875 0.0796875 0.11875
3 0.90859375 0.26953125 0.065625 0.0765625
3 0.93671875 0.565625 0.125 0.1078125
3 0.62578125 0.64609375 0.103125 0.1140625
3 0.325 0.75546875 0.2984375 0.303125
3 0.49140625 0.6765625 0.1359375 0.1140625
3 0.8765625 0.44609375 0.2390625 0.2359375
3 0.35625 0.91796875 0.1578125 0.15625
3 0.40078125 0.18046875 0.090625 0.0609375
3 0.95859375 0.721875 0.0640625 0.078125
3 0.43125 0.478125 0.1375 0.1359375
3 0.921875 0.325 0.0765625 0.0609375
3 0.57265625 0.7390625 0.121875 0.084375
3 0.0984375 0.12734375 0.1484375 0.209375
3 0.11796875 0.828125 0.2359375 0.315625
3 0.05078125 0.3734375 0.0984375 0.178125
3 0.12421875 0.59375 0.0546875 0.0671875
3 0.646875 0.1625 0.05 0.0609375
3 0.86171875 0.8453125 0.196875 0.221875
3 0.5890625 0.27265625 0.075 0.0921875
3 0.04296875 0.63984375 0.0859375 0.0859375
3 0.86953125 0.221875 0.065625 0.0921875
3 0.87265625 0.58671875 0.078125 0.0875
3 0.64140625 0.52265625 0.05 0.0375
3 0.0328125 0.5125 0.065625 0.134375
3 0.3078125 0.540625 0.09375 0.071875
3 0.95078125 0.8359375 0.0765625 0.2296875
3 0.0609375 0.28203125 0.10625 0.1125
3 0.29140625 0.4578125 0.0546875 0.0734375
3 0.58828125 0.521875 0.075 0.0546875
3 0.3625 0.4609375 0.090625 0.06875
3 0.66484375 0.2640625 0.0421875 0.059375
3 0.84140625 0.33828125 0.0734375 0.0671875
3 0.17734375 0.26484375 0.1453125 0.103125
3 0.5203125 0.4171875 0.0578125 0.0625
3 0.23671875 0.37734375 0.2015625 0.1625
3 0.7921875 0.62734375 0.046875 0.034375
3 0.46328125 0.265625 0.0625 0.0765625
3 0.75 0.21171875 0.0484375 0.04375
3 0.4625 0.571875 0.2125 0.13125
3 0.6296875 0.44140625 0.215625 0.18125
3 0.15703125 0.6703125 0.11875 0.128125
3 0.31328125 0.228125 0.153125 0.1
3 0.4109375 0.22109375 0.0359375 0.0609375
3 0.70234375 0.53671875 0.1046875 0.109375
3 0.8859375 0.67421875 0.15 0.16875
3 0.69921875 0.22578125 0.10625 0.1203125
3 0.7109375 0.1578125 0.0765625 0.0578125
3 0.5890625 0.684375 0.06875 0.0671875
3 0.9328125 0.2078125 0.0796875 0.0734375