3 0.48828125 0.2234375 0.0609375 0.0765625
3 0.77734375 0.6609375 0.04375 0.053125
3 0.04921875 0.90390625 0.0984375 0.1921875
3 0.7421875 0.42265625 0.0765625 0.1578125
3 0.48515625 0.29609375 0.0828125 0.071875
3 0.53203125 0.8328125 0.1546875 0.115625
3 0.39140625 0.34453125 0.0703125 0.109375
3 0.8671875 0.25078125 0.059375 0.06875
3 0.91484375 0.5296875 0.125 0.096875
3 0.61875 0.62109375 0.0921875 0.103125
3 0.3390625 0.7390625 0.26875 0.2734375
3 0.49296875 0.65625 0.1234375 0.1015625
3 0.84609375 0.41953125 0.215625 0.2125
3 0.3765625 0.89140625 0.1421875 0.140625
3 0.3828125 0.19140625 0.0828125 0.053125
3 0.94453125 0.6765625 0.071875 0.071875
3 0.4265625 0.471875 0.1234375 0.121875
3 0.8828125 0.30234375 0.0703125 0.0546875
3 0.57265625 0.71171875 0.1109375 0.075
3 0.09453125 0.15703125 0.13125 0.1921875
3 0.146875 0.825 0.2140625 0.2984375
3 0.0515625 0.3921875 0.103125 0.1640625
3 0.14140625 0.59609375 0.0484375 0.0609375
3 0.6140625 0.1625 0.0453125 0.0546875
3 0.85078125 0.79765625 0.1765625 0.2015625
3 0.565625 0.26953125 0.0671875 0.084375
3 0.053125 0.64453125 0.10625 0.0765625
3 0.828125 0.2078125 0.0578125 0.084375
3 0.8484375 0.55234375 0.0703125 0.0796875
3 0.6265625 0.50390625 0.0453125 0.0328125
3 0.03984375 0.525 0.0796875 0.1234375
3 0.3125 0.5375 0.0859375 0.0640625
3 0.95234375 0.78515625 0.0953125 0.215625
3 0.06328125 0.30625 0.1015625 0.1015625
3 0.29296875 0.459375 0.0484375 0.0671875
3 0.5765625 0.50546875 0.06875 0.0484375
3 0.36015625 0.45859375 0.0828125 0.0609375
3 0.63671875 0.2578125 0.0375 0.0546875
3 0.80703125 0.31875 0.065625 0.0609375
3 0.17578125 0.2828125 0.1328125 0.090625
3 0.50703125 0.41015625 0.0515625 0.05625
3 0.23671875 0.3859375 0.184375 0.1453125
3 0.775 0.59453125 0.0421875 0.03125
3 0.4453125 0.26953125 0.05625 0.0703125
3 0.7140625 0.20390625 0.04375 0.0390625
3 0.46015625 0.55859375 0.1953125 0.1140625
3 0.61171875 0.4265625 0.1953125 0.1609375
3 0.1765625 0.6671875 0.10625 0.115625
3 0.30234375 0.24140625 0.140625 0.0875
3 0.39375 0.2296875 0.03125 0.05625
3 0.68515625 0.51328125 0.09375 0.0984375
3 0.865625 0.63515625 0.134375 0.153125
3 0.66640625 0.21953125 0.0953125 0.109375
3 0.675 0.1546875 0.0703125 0.0515625
3 0.58515625 0.659375 0.0625 0.0609375
3 0.8875 0.19140625 0.071875 0.065625