3 0.2171875 0.8875 0.0734375 0.103125
3 0.8921875 0.71953125 0.046875 0.0421875
3 0.3640625 0.60859375 0.0703125 0.0453125
3 0.81953125 0.821875 0.0328125 0.046875
3 0.9421875 0.3546875 0.1140625 0.125
3 0.20234375 0.28828125 0.0390625 0.046875
3 0.03828125 0.7984375 0.04375 0.0453125
3 0.23515625 0.78828125 0.0953125 0.046875
3 0.7953125 0.90390625 0.0453125 0.0609375
3 0.1328125 0.89296875 0.025 0.034375
3 0.11484375 0.86640625 0.0265625 0.0484375
3 0.84140625 0.9375 0.0671875 0.05625
3 0.75546875 0.86875 0.046875 0.053125
3 0.1875 0.54453125 0.0703125 0.0609375
3 0.15078125 0.96796875 0.071875 0.0640625
3 0.3984375 0.57890625 0.0625 0.046875
3 0.44296875 0.4796875 0.0328125 0.0421875
3 0.30078125 0.39375 0.0296875 0.0328125
3 0.2890625 0.953125 0.04375 0.0609375
3 0.95546875 0.8484375 0.040625 0.05625
3 0.4 0.3796875 0.046875 0.03125
3 0.76015625 0.753125 0.0359375 0.025
3 0.084375 0.67421875 0.0484375 0.05
3 0.7734375 0.709375 0.05625 0.0390625
3 0.09375 0.72578125 0.0296875 0.053125
3 0.49140625 0.53984375 0.0375 0.03125
3 0.8546875 0.9734375 0.0671875 0.053125
3 0.5125 0.9015625 0.05 0.0578125
3 0.2765625 0.78125 0.0453125 0.040625
3 0.4859375 0.95546875 0.171875 0.0890625
3 0.209375 0.96015625 0.11875 0.0796875
3 0.090625 0.8125 0.0703125 0.0453125
3 0.65234375 0.59765625 0.05 0.0375
3 0.190625 0.396875 0.0328125 0.0328125
3 0.9609375 0.97265625 0.04375 0.0375
3 0.7984375 0.5703125 0.0390625 0.0546875
3 0.91796875 0.97265625 0.046875 0.0546875
3 0.23984375 0.68671875 0.034375 0.0375
3 0.14921875 0.61796875 0.0578125 0.046875
3 0.365625 0.8 0.1078125 0.075
3 0.865625 0.88515625 0.0390625 0.0359375
3 0.45703125 0.88828125 0.0390625 0.0375
3 0.88984375 0.76015625 0.0328125 0.0296875
3 0.8625 0.7875 0.0328125 0.028125
3 0.04375 0.9 0.0734375 0.0671875
3 0.7375 0.809375 0.034375 0.0296875
3 0.4984375 0.6109375 0.0359375 0.034375
3 0.03046875 0.68125 0.0609375 0.0578125
3 0.97578125 0.66875 0.0484375 0.040625
3 0.178125 0.7984375 0.0421875 0.034375
3 0.49140625 0.75859375 0.0609375 0.0578125
3 0.5953125 0.97265625 0.0484375 0.0484375
3 0.634375 0.7125 0.0515625 0.040625
3 0.78125 0.81640625 0.05625 0.0453125
3 0.88203125 0.9171875 0.0671875 0.0453125
3 0.91484375 0.915625 0.0265625 0.0296875
3 0.33828125 0.84296875 0.065625 0.078125
3 0.2546875 0.90546875 0.0515625 0.05
3 0.43359375 0.18828125 0.040625 0.040625
3 0.91796875 0.8515625 0.0359375 0.0421875
3 0.78359375 0.853125 0.05625 0.0484375
3 0.80859375 0.73515625 0.0390625 0.040625
3 0.4578125 0.7359375 0.0796875 0.0625
3 0.35234375 0.70234375 0.03125 0.053125
3 0.375 0.4359375 0.05625 0.0359375
3 0.36484375 0.95859375 0.046875 0.0546875
3 0.3828125 0.1421875 0.0390625 0.0390625
3 0.4125 0.49140625 0.028125 0.0296875
3 0.71640625 0.790625 0.021875 0.0296875
3 0.38984375 0.3578125 0.046875 0.0296875
3 0.284375 0.64453125 0.0453125 0.071875
3 0.76640625 0.9125 0.040625 0.0515625
3 0.53828125 0.85078125 0.0609375 0.05
3 0.0203125 0.76953125 0.040625 0.040625
3 0.721875 0.9640625 0.0796875 0.04375
3 0.10234375 0.63671875 0.0421875 0.04375
3 0.29609375 0.72734375 0.0609375 0.046875
3 0.4 0.72890625 0.065625 0.0703125
3 0.865625 0.8171875 0.04375 0.040625
3 0.10703125 0.40859375 0.046875 0.05
3 0.8078125 0.7859375 0.0296875 0.0296875
3 0.45859375 0.815625 0.078125 0.0890625
3 0.465625 0.64375 0.05 0.040625
3 0.94453125 0.93046875 0.05 0.053125
3 0.66328125 0.746875 0.0359375 0.0328125
3 0.5515625 0.959375 0.046875 0.053125
3 0.71484375 0.765625 0.053125 0.0375
3 0.09140625 0.95234375 0.0546875 0.084375
3 0.84609375 0.6921875 0.06875 0.0453125
3 0.40625 0.64375 0.0625 0.0453125
3 0.915625 0.784375 0.0578125 0.05625
3 0.81953125 0.2953125 0.134375 0.11875
3 0.88984375 0.86640625 0.0328125 0.028125