3 0.2140625 0.921875 0.0796875 0.1109375
3 0.91328125 0.721875 0.05 0.0453125
3 0.35703125 0.625 0.075 0.05
3 0.840625 0.83125 0.0359375 0.05
3 0.94296875 0.3390625 0.1078125 0.134375
3 0.1765625 0.29609375 0.0421875 0.05
3 0.02890625 0.834375 0.0359375 0.0484375
3 0.22890625 0.8171875 0.1015625 0.053125
3 0.81875 0.91796875 0.05 0.065625
3 0.12578125 0.93046875 0.0265625 0.0375
3 0.10625 0.90390625 0.0296875 0.0515625
3 0.86796875 0.9515625 0.071875 0.0609375
3 0.77578125 0.8828125 0.0515625 0.0578125
3 0.1703125 0.56484375 0.075 0.0671875
3 0.14609375 0.98671875 0.0765625 0.0265625
3 0.3921875 0.59296875 0.0671875 0.0515625
3 0.434375 0.4875 0.0359375 0.0453125
3 0.2828125 0.403125 0.0328125 0.0359375
3 0.28984375 0.9765625 0.0484375 0.046875
3 0.98046875 0.8546875 0.0390625 0.059375
3 0.38671875 0.384375 0.05 0.034375
3 0.7765625 0.76171875 0.0390625 0.0265625
3 0.0671875 0.7046875 0.053125 0.0546875
3 0.7890625 0.715625 0.059375 0.0421875
3 0.07890625 0.7578125 0.0328125 0.05625
3 0.4875 0.54921875 0.040625 0.034375
3 0.88125 0.9734375 0.071875 0.028125
3 0.52265625 0.92578125 0.0546875 0.0625
3 0.27265625 0.80859375 0.0484375 0.04375
3 0.496875 0.96640625 0.18125 0.0671875
3 0.20703125 0.9765625 0.1265625 0.046875
3 0.07890625 0.8484375 0.075 0.05
3 0.65859375 0.603125 0.053125 0.040625
3 0.16875 0.41015625 0.0359375 0.0359375
3 0.984375 0.97109375 0.03125 0.0203125
3 0.809375 0.56875 0.0421875 0.0578125
3 0.94765625 0.9703125 0.05 0.0296875
3 0.2296875 0.7109375 0.0375 0.040625
3 0.1328125 0.64296875 0.0625 0.0515625
3 0.365625 0.825 0.115625 0.08125
3 0.89140625 0.89609375 0.0421875 0.0390625
3 0.4640625 0.9140625 0.0421875 0.040625
3 0.9125 0.76484375 0.0359375 0.0328125
3 0.884375 0.79375 0.0359375 0.03125
3 0.04296875 0.940625 0.0578125 0.071875
3 0.75546875 0.82109375 0.0375 0.0328125
3 0.49765625 0.62265625 0.0390625 0.0375
3 0.025 0.71171875 0.0375 0.0609375
3 0.9859375 0.665625 0.028125 0.04375
3 0.1703125 0.83046875 0.0453125 0.0375
3 0.4953125 0.77734375 0.065625 0.0625
3 0.6109375 0.98359375 0.0515625 0.0265625
3 0.64375 0.72421875 0.0546875 0.04375
3 0.80078125 0.82734375 0.0609375 0.05
3 0.909375 0.92890625 0.071875 0.05
3 0.94375 0.92578125 0.0296875 0.0328125
3 0.33828125 0.8703125 0.071875 0.084375
3 0.253125 0.9390625 0.05625 0.0546875
3 0.41484375 0.18359375 0.04375 0.04375
3 0.94453125 0.85859375 0.0390625 0.0453125
3 0.8046875 0.865625 0.0609375 0.053125
3 0.8265625 0.74140625 0.0421875 0.04375
3 0.459375 0.7546875 0.0859375 0.06875
3 0.3484375 0.7234375 0.034375 0.05625
3 0.36171875 0.44453125 0.059375 0.0390625
3 0.3703125 0.98046875 0.05 0.0390625
3 0.36015625 0.13671875 0.0421875 0.0421875
3 0.40390625 0.50078125 0.03125 0.0328125
3 0.73203125 0.80234375 0.0234375 0.03125
3 0.375 0.36171875 0.05 0.0328125
3 0.275 0.665625 0.05 0.0765625
3 0.78828125 0.928125 0.04375 0.0546875
3 0.5484375 0.871875 0.065625 0.0546875
3 0.0171875 0.80390625 0.015625 0.0421875
3 0.74296875 0.9765625 0.084375 0.034375
3 0.084375 0.6640625 0.0453125 0.046875
3 0.290625 0.75234375 0.065625 0.0515625
3 0.39921875 0.75 0.071875 0.0765625
3 0.8890625 0.825 0.046875 0.04375
3 0.08125 0.42578125 0.0515625 0.0546875
3 0.82734375 0.79453125 0.0328125 0.0328125
3 0.46328125 0.83828125 0.0859375 0.0953125
3 0.46484375 0.65859375 0.053125 0.04375
3 0.97421875 0.93984375 0.0515625 0.0578125
3 0.675 0.75859375 0.0390625 0.0359375
3 0.565625 0.97734375 0.05 0.0421875
3 0.7296875 0.7765625 0.05625 0.040625
3 0.084375 0.97421875 0.059375 0.0515625
3 0.8640625 0.6953125 0.0734375 0.05
3 0.40234375 0.66015625 0.0671875 0.05
3 0.93984375 0.7890625 0.0625 0.0609375
3 0.82109375 0.28046875 0.1453125 0.1296875
3 0.91640625 0.87578125 0.0359375 0.03125