3 0.08359375 0.88359375 0.0984375 0.1234375
3 0.85390625 0.8171875 0.059375 0.0546875
3 0.29375 0.603125 0.084375 0.0609375
3 0.75703125 0.9171875 0.04375 0.0578125
3 0.94921875 0.42265625 0.1015625 0.1546875
3 0.171875 0.22421875 0.0515625 0.0578125
3 0.12109375 0.77890625 0.1125 0.06875
3 0.715625 0.98203125 0.059375 0.0359375
3 0.00390625 0.87578125 0.0078125 0.0421875
3 0.678125 0.95703125 0.0609375 0.0671875
3 0.1109375 0.50234375 0.0875 0.0796875
3 0.33671875 0.57734375 0.0765625 0.0625
3 0.40234375 0.47578125 0.04375 0.0515625
3 0.26171875 0.35703125 0.0375 0.040625
3 0.15546875 0.94296875 0.05 0.025
3 0.90078125 0.9671875 0.0546875 0.065625
3 0.37265625 0.35859375 0.0578125 0.0421875
3 0.703125 0.83125 0.04375 0.034375
3 0.725 0.7859375 0.06875 0.053125
3 0.4453125 0.55 0.046875 0.040625
3 0.40546875 0.95078125 0.0640625 0.071875
3 0.16796875 0.778125 0.05625 0.053125
3 0.37265625 0.9703125 0.1921875 0.059375
3 0.06796875 0.928125 0.1328125 0.0390625
3 0.61171875 0.6421875 0.0609375 0.05
3 0.13984375 0.340625 0.0421875 0.0421875
3 0.77734375 0.6375 0.053125 0.0671875
3 0.14375 0.6671875 0.04375 0.046875
3 0.05625 0.5765625 0.071875 0.0625
3 0.26171875 0.81328125 0.13125 0.1015625
3 0.7953125 0.98515625 0.05 0.0296875
3 0.346875 0.9265625 0.05 0.0484375
3 0.84453125 0.86171875 0.040625 0.0375
3 0.809375 0.88671875 0.040625 0.0359375
3 0.66875 0.8890625 0.0421875 0.0390625
3 0.440625 0.6296875 0.0453125 0.04375
3 0.9453125 0.775 0.040625 0.05
3 0.05703125 0.7796875 0.0515625 0.0453125
3 0.40703125 0.790625 0.0765625 0.0734375
3 0.571875 0.76484375 0.0640625 0.053125
3 0.71484375 0.90390625 0.0703125 0.059375
3 0.22421875 0.85625 0.0859375 0.096875
3 0.121875 0.91015625 0.065625 0.0640625
3 0.44296875 0.15390625 0.0515625 0.0515625
3 0.859375 0.96640625 0.046875 0.053125
3 0.71171875 0.94453125 0.0703125 0.0625
3 0.759375 0.81953125 0.05 0.0515625
3 0.37421875 0.759375 0.0984375 0.0828125
3 0.2640625 0.7046875 0.04375 0.0640625
3 0.3359375 0.41640625 0.0671875 0.0484375
3 0.3953125 0.0953125 0.05 0.05
3 0.3671875 0.48359375 0.0359375 0.0375
3 0.6484375 0.86484375 0.0296875 0.0359375
3 0.365625 0.33359375 0.05625 0.040625
3 0.2 0.62890625 0.0625 0.0859375
3 0.68125 0.98671875 0.053125 0.0265625
3 0.44296875 0.9 0.0765625 0.065625
3 0.0140625 0.58828125 0.028125 0.0546875
3 0.1984375 0.721875 0.075 0.0625
3 0.3125 0.74140625 0.084375 0.0890625
3 0.8078125 0.91953125 0.0546875 0.0515625
3 0.04609375 0.33984375 0.0609375 0.0625
3 0.75 0.875 0.0375 0.0375
3 0.3609375 0.84765625 0.1015625 0.1109375
3 0.3984375 0.659375 0.0625 0.053125
3 0.5984375 0.8078125 0.0453125 0.0421875
3 0.6515625 0.8375 0.065625 0.05
3 0.80859375 0.77890625 0.0828125 0.0609375
3 0.33359375 0.64921875 0.0765625 0.0609375
3 0.86796875 0.8921875 0.0734375 0.071875
3 0.8484375 0.3390625 0.16875 0.153125
3 0.82578125 0.978125 0.040625 0.0359375