3 0.07265625 0.58046875 0.059375 0.0625
3 0.9609375 0.0421875 0.05 0.084375
3 0.58046875 0.4375 0.084375 0.109375
3 0.68125 0.44375 0.15625 0.115625
3 0.13984375 0.096875 0.1109375 0.071875
3 0.21484375 0.32734375 0.028125 0.025
3 0.72890625 0.09375 0.1390625 0.1390625
3 0.1390625 0.04453125 0.04375 0.028125
3 0.76640625 0.02109375 0.0609375 0.0421875
3 0.0796875 0.9703125 0.13125 0.059375
3 0.2359375 0.0515625 0.0875 0.0890625
3 0.93515625 0.090625 0.0296875 0.028125
3 0.1828125 0.32109375 0.0234375 0.04375
3 0.93359375 0.11640625 0.0453125 0.0390625
3 0.2015625 0.34609375 0.0265625 0.0375
3 0.45234375 0.05390625 0.115625 0.0796875
3 0.275 0.1796875 0.2171875 0.146875
3 0.83203125 0.06015625 0.053125 0.0828125
3 0.1921875 0.28984375 0.04375 0.071875
3 0.60546875 0.496875 0.0609375 0.0625
3 0.88359375 0.0640625 0.0859375 0.1
3 0.27109375 0.29140625 0.0515625 0.0625
3 0.584375 0.0171875 0.146875 0.034375
3 0.51171875 0.1453125 0.1015625 0.109375
3 0.24140625 0.46953125 0.0640625 0.0734375
3 0.7625 0.86328125 0.1546875 0.0625
3 0.09296875 0.16328125 0.1859375 0.2453125
3 0.93515625 0.259375 0.06875 0.059375
3 0.534375 0.90078125 0.2671875 0.065625
3 0.75390625 0.60703125 0.1109375 0.1546875
3 0.48046875 0.2890625 0.2359375 0.2234375
3 0.5875 0.10625 0.096875 0.0609375
3 0.37265625 0.13046875 0.090625 0.125
3 0.03515625 0.59140625 0.06875 0.1796875
3 0.03671875 0.50078125 0.05 0.0984375
3 0.3421875 0.35859375 0.0828125 0.0640625
3 0.07265625 0.63515625 0.04375 0.0578125
3 0.06796875 0.059375 0.0921875 0.0734375
3 0.0390625 0.03515625 0.078125 0.0421875
3 0.21953125 0.31171875 0.01875 0.028125
3 0.53046875 0.95234375 0.2953125 0.0953125
3 0.9796875 0.75390625 0.040625 0.1484375
3 0.89765625 0.365625 0.0625 0.1046875
3 0.05625 0.371875 0.1125 0.228125
3 0.225 0.25703125 0.0625 0.059375
3 0.97734375 0.275 0.0296875 0.0390625
3 0.99375 0.859375 0.0125 0.053125
3 0.02109375 0.65859375 0.0359375 0.1328125
3 0.86796875 0.17109375 0.0515625 0.0484375
3 0.13046875 0.45 0.0640625 0.0390625
3 0.63203125 0.3640625 0.1046875 0.075
3 0.215625 0.40546875 0.109375 0.1046875
3 0.709375 0.0203125 0.09375 0.040625
3 0.1953125 0.0765625 0.0453125 0.0578125
3 0.12578125 0.3390625 0.1390625 0.1625
3 0.3984375 0.259375 0.0796875 0.115625
3 0.68203125 0.51796875 0.1484375 0.1234375
3 0.89140625 0.79921875 0.0421875 0.0640625
3 0.8265625 0.796875 0.0921875 0.0765625
3 0.51796875 0.81015625 0.078125 0.06875
3 0.97109375 0.23828125 0.0421875 0.0453125
3 0.634375 0.0703125 0.0625 0.04375
3 0.9734375 0.584375 0.053125 0.165625
3 0.3640625 0.059375 0.0625 0.065625
3 0.33203125 0.4 0.0734375 0.06875
3 0.70390625 0.946875 0.0609375 0.06875
3 0.28515625 0.45390625 0.1453125 0.178125
3 0.490625 0.0171875 0.05625 0.034375
3 0.228125 0.36328125 0.046875 0.05625
3 0.38515625 0.58984375 0.109375 0.1359375
3 0.7875 0.01328125 0.075 0.0265625
3 0.95234375 0.14765625 0.075 0.075
3 0.3421875 0.02421875 0.2578125 0.046875
3 0.753125 0.43671875 0.05 0.06875
3 0.1859375 0.02109375 0.0546875 0.021875
3 0.6390625 0.0578125 0.071875 0.046875
3 0.91796875 0.79140625 0.1 0.1
3 0.1875 0.946875 0.05625 0.0796875
3 0.3078125 0.08984375 0.0546875 0.065625
3 0.87734375 0.2640625 0.06875 0.1140625
3 0.809375 0.47734375 0.1046875 0.115625
3 0.4546875 0.1875 0.0671875 0.0515625
3 0.928125 0.3046875 0.0671875 0.0515625
3 0.23515625 0.09921875 0.0515625 0.0421875
3 0.946875 0.06015625 0.0265625 0.028125
3 0.96953125 0.0765625 0.034375 0.0703125
3 0.24296875 0.3078125 0.0515625 0.0625
3 0.06171875 0.89765625 0.1 0.11875
3 0.09453125 0.040625 0.0625 0.0546875
3 0.1328125 0.02265625 0.046875 0.021875
3 0.93828125 0.42578125 0.0984375 0.0546875
3 0.978125 0.19921875 0.025 0.04375
3 0.1671875 0.596875 0.15625 0.159375
3 0.5140625 0.06484375 0.059375 0.0859375
3 0.19453125 0.83203125 0.084375 0.1046875
3 0.82265625 0.1125 0.05 0.0453125
3 0.53828125 0.35 0.0640625 0.0828125
3 0.60859375 0.16328125 0.1421875 0.1453125
3 0.953125 0.35546875 0.0890625 0.1296875
3 0.640625 0.96171875 0.10625 0.0703125
3 0.63984375 0.0203125 0.0640625 0.040625
3 0.28515625 0.575 0.1109375 0.140625
3 0.975 0.853125 0.05 0.05625
3 0.9734375 0.10703125 0.028125 0.0390625
3 0.32421875 0.30546875 0.0734375 0.075
3 0.1484375 0.0703125 0.0515625 0.046875
3 0.27734375 0.340625 0.0765625 0.071875
3 0.18046875 0.49296875 0.1046875 0.08125
3 0.41953125 0.453125 0.221875 0.178125
3 0.67265625 0.65546875 0.2421875 0.296875
3 0.56875 0.053125 0.071875 0.059375
3 0.96484375 0.7421875 0.0703125 0.0625
3 0.8828125 0.128125 0.0671875 0.0453125
3 0.62421875 0.27265625 0.065625 0.1109375
3 0.75625 0.265625 0.2515625 0.33125
3 0.94296875 0.20859375 0.0546875 0.0609375
3 0.8953125 0.58671875 0.209375 0.2921875
3 0.8015625 0.06484375 0.0765625 0.06875
3 0.43984375 0.13046875 0.0578125 0.1140625
3 0.97734375 0.24921875 0.028125 0.0359375
3 0.7890625 0.9109375 0.0671875 0.0484375
3 0.4953125 0.6453125 0.1890625 0.2890625
3 0.84453125 0.22265625 0.0734375 0.10625
3 0.3234375 0.9078125 0.1671875 0.175
3 0.31328125 0.71953125 0.1609375 0.259375
3 0.8125 0.93984375 0.0765625 0.06875
3 0.0921875 0.48984375 0.078125 0.10625