3 0.12265625 0.57109375 0.053125 0.05625
3 0.95625 0.06484375 0.075 0.1296875
3 0.5890625 0.44921875 0.0765625 0.0984375
3 0.68046875 0.45625 0.1421875 0.103125
3 0.19140625 0.1296875 0.1 0.065625
3 0.25546875 0.34140625 0.025 0.021875
3 0.73046875 0.13671875 0.125 0.125
3 0.03984375 0.93125 0.0671875 0.1375
3 0.1921875 0.08203125 0.0390625 0.025
3 0.76484375 0.06953125 0.0546875 0.040625
3 0.12109375 0.94921875 0.1234375 0.0921875
3 0.27890625 0.0671875 0.0796875 0.1265625
3 0.91875 0.1375 0.0265625 0.025
3 0.2265625 0.3359375 0.0203125 0.0390625
3 0.9171875 0.1609375 0.040625 0.034375
3 0.24375 0.359375 0.0234375 0.0328125
3 0.478125 0.0953125 0.1046875 0.071875
3 0.31328125 0.2078125 0.1953125 0.13125
3 0.825 0.1078125 0.046875 0.075
3 0.23671875 0.30703125 0.0390625 0.065625
3 0.021875 0.2859375 0.04375 0.121875
3 0.6109375 0.50390625 0.0546875 0.05625
3 0.02734375 0.85546875 0.04375 0.10625
3 0.871875 0.11171875 0.0765625 0.090625
3 0.3078125 0.309375 0.046875 0.05625
3 0.5984375 0.0390625 0.134375 0.078125
3 0.53046875 0.1796875 0.0921875 0.0984375
3 0.278125 0.47265625 0.0578125 0.0671875
3 0.74921875 0.84140625 0.140625 0.0546875
3 0.11484375 0.19140625 0.2296875 0.2234375
3 0.915625 0.29140625 0.0625 0.053125
3 0.5390625 0.87109375 0.24375 0.05625
3 0.74453125 0.60703125 0.1 0.140625
3 0.49921875 0.3109375 0.2125 0.2
3 0.01953125 0.4703125 0.0390625 0.078125
3 0.60078125 0.1453125 0.0875 0.053125
3 0.403125 0.1640625 0.08125 0.1125
3 0.39375 0.984375 0.046875 0.03125
3 0.08046875 0.58046875 0.0765625 0.1625
3 0.090625 0.49765625 0.04375 0.090625
3 0.371875 0.37265625 0.075 0.0578125
3 0.12109375 0.62109375 0.0390625 0.0515625
3 0.12578125 0.09453125 0.0828125 0.065625
3 0.0671875 0.04921875 0.134375 0.0859375
3 0.2609375 0.328125 0.015625 0.025
3 0.534375 0.93828125 0.26875 0.1234375
3 0.965625 0.74375 0.06875 0.1375
3 0.88046875 0.3875 0.0546875 0.0953125
3 0.08203125 0.38125 0.1578125 0.209375
3 0.26640625 0.27734375 0.05625 0.053125
3 0.96953125 0.30625 0.0546875 0.0359375
3 0.978125 0.84140625 0.04375 0.0484375
3 0.04609375 0.64296875 0.084375 0.121875
3 0.85625 0.21015625 0.0453125 0.04375
3 0.17734375 0.453125 0.0578125 0.0359375
3 0.9890625 0.3015625 0.0171875 0.0484375
3 0.63671875 0.38203125 0.09375 0.06875
3 0.25546875 0.4125 0.1 0.0953125
3 0.7140625 0.04921875 0.0859375 0.0734375
3 0.2421875 0.1125 0.040625 0.0515625
3 0.17421875 0.35078125 0.125 0.146875
3 0.425 0.2828125 0.071875 0.1046875
3 0.68046875 0.5234375 0.134375 0.1109375
3 0.8671875 0.784375 0.0375 0.0578125
3 0.80703125 0.78046875 0.0828125 0.06875
3 0.525 0.78828125 0.0703125 0.0609375
3 0.96328125 0.27265625 0.065625 0.040625
3 0.64375 0.11328125 0.05625 0.0390625
3 0.9609375 0.5875 0.078125 0.15
3 0.396875 0.09921875 0.05625 0.059375
3 0.3625 0.41015625 0.0671875 0.0609375
3 0.69296875 0.91640625 0.0546875 0.0625
3 0.31875 0.45859375 0.1296875 0.1609375
3 0.51484375 0.05859375 0.05 0.040625
3 0.2671875 0.375 0.0421875 0.05
3 0.4078125 0.58515625 0.0984375 0.1234375
3 0.7859375 0.0484375 0.06875 0.0546875
3 0.09921875 0.9953125 0.1015625 0.009375
3 0.94296875 0.1890625 0.084375 0.0671875
3 0.3765625 0.04296875 0.2359375 0.0859375
3 0.746875 0.45 0.0453125 0.0609375
3 0.234375 0.0375 0.0515625 0.0671875
3 0.6484375 0.103125 0.065625 0.0421875
3 0.8921875 0.77734375 0.0890625 0.0890625
3 0.22109375 0.9078125 0.05 0.071875
3 0.51953125 0.0265625 0.0796875 0.053125
3 0.3453125 0.12578125 0.05 0.059375
3 0.8625 0.29453125 0.0609375 0.103125
3 0.79765625 0.48828125 0.0953125 0.1046875
3 0.478125 0.2171875 0.0609375 0.046875
3 0.90859375 0.3328125 0.0609375 0.046875
3 0.278125 0.13359375 0.0453125 0.0375
3 0.92890625 0.10859375 0.0234375 0.025
3 0.965625 0.12421875 0.0578125 0.0640625
3 0.28203125 0.325 0.046875 0.05625
3 0.08984375 0.8625 0.125 0.1078125
3 0.15078125 0.06484375 0.05625 0.075
3 0.18671875 0.0515625 0.0421875 0.040625
3 0.91640625 0.44453125 0.0890625 0.0484375
3 0.97109375 0.2375 0.0484375 0.040625
3 0.20859375 0.58828125 0.140625 0.14375
3 0.53359375 0.10625 0.053125 0.078125
3 0.2296875 0.803125 0.0765625 0.09375
3 0.815625 0.15546875 0.04375 0.0390625
3 0.5515625 0.36796875 0.0578125 0.075
3 0.61875 0.1984375 0.128125 0.13125
3 0.94453125 0.378125 0.1078125 0.1171875
3 0.63515625 0.94765625 0.096875 0.1015625
3 0.65 0.0546875 0.059375 0.0625
3 0.3171875 0.56953125 0.1 0.128125
3 0.16953125 0.03984375 0.0328125 0.0359375
3 0.96015625 0.83359375 0.0796875 0.0515625
3 0.9640625 0.153125 0.0421875 0.034375
3 0.35703125 0.3234375 0.065625 0.0671875
3 0.034375 0.53359375 0.06875 0.10625
3 0.71875 0.015625 0.109375 0.03125
3 0.19921875 0.10625 0.0453125 0.0421875
3 0.31328125 0.3546875 0.06875 0.0640625
3 0.22265625 0.49296875 0.09375 0.0734375
3 0.44140625 0.46015625 0.2015625 0.159375
3 0.66953125 0.64921875 0.2171875 0.2671875
3 0.584375 0.096875 0.065625 0.053125
3 0.93515625 0.73359375 0.0640625 0.05625
3 0.8703125 0.1703125 0.059375 0.040625
3 0.63203125 0.2984375 0.0578125 0.1
3 0.7515625 0.29375 0.225 0.2984375
3 0.9234375 0.24453125 0.05 0.0546875
3 0.88125 0.59140625 0.2 0.2640625
3 0.79609375 0.1109375 0.06875 0.0609375
3 0.465625 0.165625 0.0515625 0.103125
3 0.96171875 0.28359375 0.0375 0.03125
3 0.771875 0.88515625 0.059375 0.04375
3 0.5078125 0.6375 0.1671875 0.2625
3 0.834375 0.25625 0.0671875 0.0953125
3 0.34609375 0.875 0.15 0.15625
3 0.33984375 0.70234375 0.1421875 0.2359375
3 0.79296875 0.9125 0.06875 0.0609375
3 0.14140625 0.4890625 0.0703125 0.0953125