3 0.121875 0.5640625 0.0515625 0.0546875
3 0.9625 0.0703125 0.075 0.140625
3 0.5875 0.45078125 0.0734375 0.096875
3 0.67890625 0.459375 0.1390625 0.1
3 0.19765625 0.1265625 0.0984375 0.0625
3 0.25859375 0.33828125 0.025 0.021875
3 0.73359375 0.14296875 0.121875 0.121875
3 0.0328125 0.92734375 0.065625 0.1453125
3 0.19921875 0.07890625 0.0390625 0.025
3 0.76953125 0.0765625 0.0546875 0.0390625
3 0.1140625 0.9390625 0.121875 0.0890625
3 0.28671875 0.06484375 0.0765625 0.128125
3 0.92109375 0.146875 0.0265625 0.025
3 0.2296875 0.33203125 0.0203125 0.0390625
3 0.91875 0.1703125 0.040625 0.034375
3 0.24609375 0.35546875 0.0234375 0.0328125
3 0.48359375 0.09765625 0.103125 0.06875
3 0.31796875 0.20625 0.1921875 0.1265625
3 0.828125 0.115625 0.0453125 0.0734375
3 0.23984375 0.30390625 0.0375 0.0640625
3 0.02421875 0.2796875 0.0484375 0.1203125
3 0.60859375 0.50546875 0.053125 0.0546875
3 0.021875 0.84453125 0.04375 0.1046875
3 0.875 0.1203125 0.075 0.0890625
3 0.3109375 0.3078125 0.0453125 0.0546875
3 0.60546875 0.04140625 0.1328125 0.0828125
3 0.534375 0.1828125 0.0890625 0.096875
3 0.27890625 0.46875 0.05625 0.065625
3 0.73984375 0.84296875 0.1390625 0.0515625
3 0.1171875 0.1875 0.234375 0.2171875
3 0.915625 0.3 0.0609375 0.0515625
3 0.53125 0.86953125 0.240625 0.0515625
3 0.73984375 0.61015625 0.096875 0.1375
3 0.50078125 0.3125 0.2078125 0.1953125
3 0.0203125 0.46171875 0.040625 0.0765625
3 0.6046875 0.14921875 0.0859375 0.0515625
3 0.40859375 0.16484375 0.078125 0.1109375
3 0.38515625 0.9828125 0.046875 0.034375
3 0.0796875 0.57265625 0.0734375 0.1609375
3 0.09140625 0.490625 0.0421875 0.0890625
3 0.3734375 0.37109375 0.0734375 0.05625
3 0.11953125 0.6140625 0.0375 0.0515625
3 0.13359375 0.090625 0.08125 0.0640625
3 0.071875 0.04296875 0.14375 0.0859375
3 0.2640625 0.325 0.015625 0.025
3 0.52734375 0.9390625 0.265625 0.121875
3 0.9625 0.75234375 0.075 0.134375
3 0.878125 0.3953125 0.053125 0.09375
3 0.08515625 0.375 0.153125 0.2046875
3 0.2703125 0.275 0.0546875 0.0515625
3 0.96875 0.31640625 0.0546875 0.034375
3 0.9734375 0.84921875 0.053125 0.046875
3 0.0453125 0.634375 0.08125 0.1203125
3 0.85703125 0.21796875 0.0453125 0.0421875
3 0.17890625 0.44765625 0.0578125 0.034375
3 0.98984375 0.3125 0.0203125 0.0484375
3 0.63671875 0.38515625 0.0921875 0.065625
3 0.25703125 0.409375 0.096875 0.0921875
3 0.71875 0.05625 0.084375 0.071875
3 0.24921875 0.11015625 0.0390625 0.0515625
3 0.17734375 0.34609375 0.121875 0.14375
3 0.428125 0.2828125 0.06875 0.103125
3 0.67734375 0.5265625 0.13125 0.1078125
3 0.85859375 0.7890625 0.0359375 0.0578125
3 0.79921875 0.784375 0.08125 0.0671875
3 0.51875 0.7875 0.06875 0.059375
3 0.965625 0.28203125 0.06875 0.0390625
3 0.6484375 0.11796875 0.05625 0.0375
3 0.959375 0.59609375 0.08125 0.1484375
3 0.403125 0.1 0.0546875 0.0578125
3 0.36328125 0.40859375 0.065625 0.059375
3 0.68359375 0.9171875 0.053125 0.0609375
3 0.31875 0.45546875 0.1265625 0.1578125
3 0.52109375 0.06171875 0.05 0.0390625
3 0.26953125 0.371875 0.040625 0.05
3 0.40546875 0.5828125 0.0953125 0.1203125
3 0.790625 0.05625 0.0671875 0.053125
3 0.09296875 0.990625 0.1 0.01875
3 0.94375 0.1984375 0.0828125 0.065625
3 0.38359375 0.0421875 0.2328125 0.084375
3 0.74453125 0.4546875 0.04375 0.0609375
3 0.24296875 0.034375 0.05 0.06875
3 0.653125 0.1078125 0.0640625 0.040625
3 0.88359375 0.7828125 0.0875 0.0875
3 0.2140625 0.90078125 0.0484375 0.0703125
3 0.5265625 0.028125 0.078125 0.05625
3 0.35078125 0.12578125 0.0484375 0.0578125
3 0.8625 0.30234375 0.059375 0.1015625
3 0.79453125 0.49375 0.0921875 0.1015625
3 0.48125 0.21875 0.059375 0.0453125
3 0.9078125 0.340625 0.059375 0.0453125
3 0.284375 0.13203125 0.0453125 0.0359375
3 0.93203125 0.11875 0.0234375 0.025
3 0.96953125 0.13515625 0.0609375 0.0625
3 0.28515625 0.321875 0.0453125 0.0546875
3 0.084375 0.853125 0.121875 0.1046875
3 0.159375 0.06171875 0.0546875 0.0734375
3 0.19453125 0.04921875 0.0421875 0.040625
3 0.91328125 0.4515625 0.0875 0.046875
3 0.9734375 0.2484375 0.053125 0.0390625
3 0.20703125 0.58203125 0.1375 0.140625
3 0.5390625 0.109375 0.0515625 0.0765625
3 0.22421875 0.796875 0.0734375 0.0921875
3 0.81796875 0.16328125 0.04375 0.0390625
3 0.55234375 0.36953125 0.05625 0.0734375
3 0.621875 0.20234375 0.125 0.128125
3 0.9453125 0.38828125 0.109375 0.115625
3 0.62578125 0.94921875 0.0953125 0.1015625
3 0.65546875 0.06015625 0.0578125 0.0609375
3 0.31484375 0.565625 0.096875 0.125
3 0.178125 0.0375 0.0328125 0.0359375
3 0.95625 0.84140625 0.0875 0.05
3 0.965625 0.16328125 0.0421875 0.034375
3 0.359375 0.321875 0.0640625 0.065625
3 0.034375 0.5265625 0.06875 0.103125
3 0.725 0.01875 0.1078125 0.0375
3 0.20625 0.103125 0.0453125 0.040625
3 0.31484375 0.35234375 0.0671875 0.0625
3 0.22265625 0.48828125 0.0921875 0.0703125
3 0.440625 0.459375 0.196875 0.1546875
3 0.66484375 0.6515625 0.2109375 0.2625
3 0.5890625 0.10078125 0.0640625 0.0515625
3 0.92734375 0.73984375 0.0625 0.0546875
3 0.871875 0.17890625 0.059375 0.0390625
3 0.6328125 0.30234375 0.05625 0.0984375
3 0.75234375 0.3 0.21875 0.29375
3 0.92421875 0.25390625 0.0484375 0.053125
3 0.87578125 0.59765625 0.19375 0.259375
3 0.8 0.11875 0.0671875 0.059375
3 0.46953125 0.1671875 0.05 0.1015625
3 0.9609375 0.29296875 0.0375 0.03125
3 0.76171875 0.8875 0.059375 0.0421875
3 0.50390625 0.63671875 0.1625 0.2578125
3 0.834375 0.2640625 0.0640625 0.09375
3 0.3390625 0.86953125 0.146875 0.153125
3 0.3359375 0.69765625 0.1375 0.23125
3 0.7828125 0.91484375 0.0671875 0.059375
3 0.1421875 0.4828125 0.0671875 0.09375