3 0.1984375 0.82109375 0.2421875 0.171875
3 0.85703125 0.48984375 0.15625 0.1296875
3 0.75234375 0.51015625 0.0640625 0.0765625
3 0.0546875 0.7234375 0.109375 0.090625
3 0.2109375 0.88671875 0.1015625 0.0671875
3 0.21171875 0.4703125 0.0859375 0.065625
3 0.0640625 0.50078125 0.071875 0.0796875
3 0.73984375 0.61015625 0.128125 0.09375
3 0.48203125 0.52265625 0.0421875 0.0640625
3 0.3828125 0.553125 0.071875 0.0484375
3 0.4 0.4546875 0.121875 0.1046875
3 0.43828125 0.759375 0.0828125 0.0828125
3 0.13515625 0.39921875 0.1375 0.0984375
3 0.03515625 0.57109375 0.0703125 0.0921875
3 0.85625 0.2609375 0.078125 0.0765625
3 0.4265625 0.81171875 0.0765625 0.0671875
3 0.52265625 0.62265625 0.0765625 0.0765625
3 0.8171875 0.53671875 0.090625 0.0703125
3 0.13984375 0.7328125 0.090625 0.071875
3 0.25390625 0.48515625 0.0421875 0.046875
3 0.7265625 0.72265625 0.171875 0.10625
3 0.85625 0.57265625 0.0921875 0.075
3 0.68984375 0.59140625 0.2078125 0.14375
3 0.3390625 0.5609375 0.0953125 0.0765625
3 0.196875 0.5484375 0.0828125 0.10625
3 0.99375 0.24375 0.0125 0.090625
3 0.675 0.4375 0.0546875 0.053125
3 0.76953125 0.82734375 0.0890625 0.096875
3 0.24140625 0.53046875 0.0390625 0.0765625
3 0.65546875 0.3625 0.125 0.0734375
3 0.40078125 0.7015625 0.0890625 0.1046875
3 0.1796875 0.4875 0.0703125 0.0671875
3 0.8390625 0.3453125 0.0640625 0.0875
3 0.2828125 0.5984375 0.1 0.11875