3 0.27578125 0.8703125 0.2609375 0.2015625
3 0.83828125 0.3859375 0.1734375 0.15
3 0.740625 0.43203125 0.0734375 0.0828125
3 0.10859375 0.8109375 0.1265625 0.1046875
3 0.30390625 0.93203125 0.109375 0.0796875
3 0.20234375 0.52421875 0.09375 0.0765625
3 0.06640625 0.58984375 0.0828125 0.0875
3 0.753125 0.53203125 0.1390625 0.1109375
3 0.48046875 0.509375 0.05 0.06875
3 0.38984375 0.56328125 0.078125 0.059375
3 0.3828125 0.4640625 0.134375 0.1203125
3 0.49375 0.7515625 0.0921875 0.0921875
3 0.1109375 0.4734375 0.15 0.1171875
3 0.05625 0.66484375 0.08125 0.1
3 0.78125 0.1625 0.0875 0.0859375
3 0.496875 0.80546875 0.084375 0.0765625
3 0.54375 0.59765625 0.0859375 0.0859375
3 0.8109375 0.4421875 0.1 0.0828125
3 0.196875 0.7984375 0.1 0.084375
3 0.24765625 0.52890625 0.0484375 0.053125
3 0.7671875 0.6453125 0.1828125 0.128125
3 0.85703125 0.4671875 0.1015625 0.0875
3 0.7 0.5265625 0.225 0.1703125
3 0.35 0.5828125 0.1046875 0.0890625
3 0.2078125 0.6046875 0.096875 0.115625
3 0.9203125 0.1109375 0.0421875 0.09375
3 0.646875 0.37890625 0.0609375 0.059375
3 0.834375 0.7375 0.1015625 0.1078125
3 0.24609375 0.57578125 0.05 0.08125
3 0.6109375 0.31171875 0.1328125 0.0890625
3 0.44453125 0.70390625 0.103125 0.115625
3 0.17578125 0.5484375 0.078125 0.075
3 0.78515625 0.25 0.075 0.0953125
3 0.30390625 0.63203125 0.1140625 0.1296875