3 0.221875 0.81796875 0.225 0.153125
3 0.83828125 0.465625 0.1453125 0.1171875
3 0.73828125 0.490625 0.0578125 0.0703125
3 0.0734375 0.73203125 0.1125 0.08125
3 0.23671875 0.88046875 0.0953125 0.059375
3 0.21640625 0.4796875 0.0796875 0.059375
3 0.0765625 0.51640625 0.065625 0.0734375
3 0.73125 0.5875 0.11875 0.084375
3 0.4796875 0.51640625 0.0375 0.059375
3 0.38515625 0.55078125 0.0671875 0.04375
3 0.396875 0.45546875 0.1125 0.0953125
3 0.4484375 0.74609375 0.075 0.075
3 0.13984375 0.415625 0.128125 0.0890625
3 0.05078125 0.58515625 0.0671875 0.0859375
3 0.82578125 0.24609375 0.071875 0.0703125
3 0.440625 0.796875 0.0703125 0.0609375
3 0.5234375 0.61015625 0.0703125 0.0703125
3 0.80234375 0.51328125 0.084375 0.0640625
3 0.1609375 0.7359375 0.084375 0.065625
3 0.2578125 0.4921875 0.0390625 0.04375
3 0.72421875 0.69609375 0.1609375 0.09375
3 0.84140625 0.5453125 0.0859375 0.06875
3 0.6828125 0.571875 0.19375 0.128125
3 0.34375 0.5609375 0.0890625 0.06875
3 0.20625 0.55546875 0.075 0.0984375
3 0.97578125 0.2234375 0.04375 0.0859375
3 0.66015625 0.42421875 0.05 0.0484375
3 0.7703125 0.79453125 0.08125 0.0890625
3 0.24765625 0.5359375 0.034375 0.071875
3 0.63828125 0.35390625 0.1171875 0.0640625
3 0.41015625 0.6921875 0.08125 0.096875
3 0.18671875 0.49765625 0.0640625 0.0609375
3 0.81328125 0.328125 0.0578125 0.08125
3 0.29140625 0.59921875 0.090625 0.109375