3 0.5734375 0.46015625 0.1296875 0.14296875
3 0.79140625 0.896875 0.2125 0.20546875
3 0.90390625 0.909375 0.12109375 0.121875
3 0.95078125 0.80625 0.0984375 0.15234375
3 0.4546875 0.70390625 0.09609375 0.12421875
3 0.14140625 0.203125 0.07890625 0.07578125
3 0.1265625 0.09453125 0.0828125 0.09296875
3 0.26796875 0.19140625 0.06953125 0.0734375
3 0.91640625 0.34375 0.09453125 0.08515625
3 0.96171875 0.25703125 0.0765625 0.1109375
3 0.9734375 0.3640625 0.05234375 0.10234375
3 0.859375 0.28359375 0.075 0.08203125