3 0.196875 0.896875 0.39375 0.196875
3 0.47578125 0.88046875 0.0828125 0.071875
3 0.32109375 0.0625 0.090625 0.06875
3 0.84453125 0.85859375 0.11875 0.071875
3 0.02890625 0.621875 0.0578125 0.1875
3 0.2984375 0.13125 0.0390625 0.05
3 0.92421875 0.7640625 0.0671875 0.0734375
3 0.3453125 0.68515625 0.096875 0.128125
3 0.52421875 0.215625 0.05 0.053125
3 0.19921875 0.540625 0.3578125 0.2078125
3 0.46875 0.1765625 0.103125 0.084375
3 0.03359375 0.46640625 0.0421875 0.05
3 0.0359375 0.4125 0.05 0.046875
3 0.93828125 0.74375 0.109375 0.0921875
3 0.06875 0.8265625 0.1375 0.196875
3 0.8578125 0.90625 0.0515625 0.0453125
3 0.7140625 0.92734375 0.0671875 0.0578125
3 0.3984375 0.87265625 0.0484375 0.0328125
3 0.128125 0.665625 0.159375 0.1234375
3 0.2546875 0.725 0.1109375 0.1671875
3 0.4140625 0.75390625 0.03125 0.0515625
3 0.4 0.375 0.10625 0.159375
3 0.9484375 0.5515625 0.103125 0.2875
3 0.47890625 0.95390625 0.1171875 0.0921875
3 0.340625 0.2109375 0.13125 0.075
3 0.41640625 0.9015625 0.05625 0.053125
3 0.140625 0.3546875 0.2703125 0.215625
3 0.01875 0.25703125 0.025 0.1328125
3 0.071875 0.71875 0.14375 0.084375
3 0.25078125 0.6546875 0.1703125 0.078125
3 0.0703125 0.4671875 0.046875 0.0625
3 0.2671875 0.684375 0.040625 0.0421875
3 0.31171875 0.271875 0.0828125 0.121875
3 0.02265625 0.11015625 0.0265625 0.2203125
3 0.24453125 0.0234375 0.0453125 0.046875
3 0.96640625 0.93359375 0.0421875 0.1328125
3 0.79453125 0.3296875 0.1734375 0.09375
3 0.67421875 0.9421875 0.0578125 0.053125
3 0.7625 0.6265625 0.2921875 0.28125
3 0.89453125 0.77421875 0.0484375 0.1
3 0.29375 0.0875 0.0921875 0.078125
3 0.0390625 0.01484375 0.046875 0.0296875
3 0.4 0.79921875 0.0953125 0.1
3 0.83984375 0.771875 0.084375 0.075
3 0.88515625 0.4234375 0.140625 0.21875
3 0.04453125 0.22109375 0.0421875 0.071875
3 0.36640625 0.2546875 0.071875 0.103125
3 0.375 0.16875 0.0515625 0.034375
3 0.00859375 0.7875 0.0171875 0.15
3 0.34921875 0.82890625 0.134375 0.09375
3 0.40234375 0.146875 0.134375 0.1078125
3 0.16796875 0.13359375 0.2046875 0.1609375
3 0.175 0.24765625 0.203125 0.196875
3 0.67578125 0.83359375 0.10625 0.071875
3 0.184375 0.76796875 0.1328125 0.0890625
3 0.9578125 0.83515625 0.065625 0.11875
3 0.1796875 0.48203125 0.1609375 0.0703125
3 0.33125 0.14296875 0.05 0.046875
3 0.75234375 0.38203125 0.0984375 0.08125
3 0.45 0.22578125 0.0859375 0.06875
3 0.91796875 0.97890625 0.0421875 0.0421875
3 0.5875 0.17734375 0.1234375 0.06875
3 0.79453125 0.4296875 0.1265625 0.1234375
3 0.4390625 0.74609375 0.040625 0.0578125
3 0.584375 0.6875 0.24375 0.21875
3 0.56796875 0.409375 0.353125 0.4453125
3 0.05625 0.49609375 0.0625 0.0421875
3 0.34921875 0.3046875 0.0734375 0.1046875
3 0.90078125 0.225 0.1984375 0.428125
3 0.42890625 0.27421875 0.0671875 0.0703125
3 0.7796875 0.88203125 0.05625 0.0703125
3 0.4765625 0.78125 0.0953125 0.0984375
3 0.0421875 0.1484375 0.053125 0.0890625
3 0.55546875 0.84296875 0.1734375 0.1953125
3 0.846875 0.809375 0.0703125 0.0546875
3 0.07109375 0.0703125 0.0859375 0.0921875
3 0.71484375 0.88828125 0.109375 0.0890625
3 0.00859375 0.39375 0.0125 0.034375
3 0.796875 0.18125 0.2703125 0.2625
3 0.2796875 0.03046875 0.0359375 0.0421875
3 0.00703125 0.43828125 0.0140625 0.1265625
3 0.2921875 0.4328125 0.1109375 0.0890625
3 0.7 0.79296875 0.1 0.103125
3 0.3703125 0.64609375 0.0546875 0.0609375
3 0.315625 0.1671875 0.065625 0.0265625