3 0.253125 0.89453125 0.4625 0.2109375
3 0.5671875 0.85234375 0.0890625 0.078125
3 0.328125 0.02109375 0.0953125 0.0296875
3 0.9453125 0.79375 0.109375 0.078125
3 0.05 0.6203125 0.1 0.2015625
3 0.30859375 0.0734375 0.0421875 0.0546875
3 0.996875 0.68828125 0.00625 0.0765625
3 0.409375 0.6578125 0.1046875 0.1375
3 0.55546875 0.1421875 0.053125 0.05625
3 0.24140625 0.51640625 0.384375 0.2265625
3 0.49453125 0.10546875 0.1109375 0.0921875
3 0.0578125 0.4546875 0.046875 0.0546875
3 0.0546875 0.396875 0.0546875 0.05
3 0.10859375 0.834375 0.19375 0.2140625
3 0.9734375 0.84453125 0.053125 0.0484375
3 0.8234375 0.88046875 0.0734375 0.0625
3 0.48359375 0.8515625 0.053125 0.0359375
3 0.17734375 0.65625 0.1734375 0.134375
3 0.3171875 0.70859375 0.1203125 0.18125
3 0.4890625 0.72421875 0.034375 0.0546875
3 0.4390625 0.3234375 0.1171875 0.171875
3 0.57734375 0.9328125 0.128125 0.103125
3 0.0265625 0.73046875 0.03125 0.0375
3 0.36015625 0.15390625 0.140625 0.0828125
3 0.50546875 0.88046875 0.0609375 0.05625
3 0.16171875 0.325 0.290625 0.234375
3 0.01875 0.23203125 0.0375 0.1421875
3 0.115625 0.7203125 0.16875 0.0921875
3 0.30703125 0.63359375 0.18125 0.0859375
3 0.01171875 0.334375 0.0234375 0.090625
3 0.09765625 0.45078125 0.05 0.0671875
3 0.3265625 0.66328125 0.04375 0.0453125
3 0.3359375 0.22109375 0.090625 0.13125
3 0.0140625 0.1109375 0.028125 0.171875
3 0.85390625 0.23828125 0.1875 0.1046875
3 0.78359375 0.9 0.0625 0.05625
3 0.84375 0.55546875 0.3125 0.3046875
3 0.98671875 0.7 0.0265625 0.10625
3 0.3 0.0390625 0.0984375 0.0625
3 0.47734375 0.7734375 0.103125 0.1078125
3 0.94296875 0.70390625 0.090625 0.08125
3 0.0453125 0.96796875 0.046875 0.0640625
3 0.9390625 0.32890625 0.1171875 0.234375
3 0.04765625 0.19296875 0.0453125 0.0765625
3 0.39296875 0.19765625 0.0796875 0.1125
3 0.3921875 0.10703125 0.05625 0.0375
3 0.04140625 0.79921875 0.0609375 0.1625
3 0.42734375 0.80859375 0.1453125 0.103125
3 0.4203125 0.08046875 0.1453125 0.1171875
3 0.16953125 0.0921875 0.221875 0.1625
3 0.18828125 0.2078125 0.2203125 0.2140625
3 0.775 0.784375 0.115625 0.0796875
3 0.24609375 0.76015625 0.1421875 0.0984375
3 0.2140625 0.45625 0.1734375 0.0765625
3 0.34453125 0.0828125 0.0546875 0.05
3 0.8140625 0.2984375 0.10625 0.0875
3 0.47890625 0.159375 0.0921875 0.075
3 0.61953125 0.0953125 0.1328125 0.075
3 0.8625 0.34375 0.1375 0.134375
3 0.5140625 0.71328125 0.0453125 0.0625
3 0.6640625 0.6375 0.2625 0.2359375
3 0.6203125 0.34453125 0.384375 0.48125
3 0.08515625 0.48359375 0.0671875 0.046875
3 0.37734375 0.253125 0.08125 0.1125
3 0.92109375 0.17265625 0.1421875 0.3453125
3 0.4609375 0.2125 0.071875 0.0765625
3 0.88984375 0.82578125 0.0609375 0.0765625
3 0.55859375 0.74765625 0.103125 0.10625
3 0.0375 0.11484375 0.059375 0.0953125
3 0.64765625 0.80625 0.1890625 0.2125
3 0.9546875 0.7421875 0.0765625 0.059375
3 0.0625 0.05078125 0.0921875 0.0609375
3 0.8203125 0.83828125 0.1171875 0.096875
3 0.01640625 0.37890625 0.0328125 0.0390625
3 0.84140625 0.1109375 0.2859375 0.221875
3 0.01875 0.42734375 0.0375 0.1359375
3 0.33046875 0.39375 0.1203125 0.096875
3 0.796875 0.73984375 0.1078125 0.1125
3 0.4328125 0.6140625 0.059375 0.065625
3 0.33046875 0.1109375 0.06875 0.0296875