3 0.228125 0.90078125 0.403125 0.1984375
3 0.51015625 0.86171875 0.0765625 0.065625
3 0.3359375 0.0875 0.084375 0.0625
3 0.8609375 0.828125 0.1109375 0.0640625
3 0.05 0.63046875 0.1 0.1765625
3 0.31640625 0.15390625 0.0359375 0.046875
3 0.9328125 0.7359375 0.0609375 0.06875
3 0.37890625 0.68046875 0.0875 0.11875
3 0.53359375 0.2265625 0.0453125 0.0484375
3 0.23515625 0.546875 0.334375 0.1859375
3 0.48046875 0.19140625 0.0953125 0.0765625
3 0.075 0.48203125 0.0390625 0.046875
3 0.075 0.43046875 0.046875 0.0421875
3 0.94765625 0.71640625 0.1046875 0.084375
3 0.0921875 0.82421875 0.184375 0.1828125
3 0.875 0.8734375 0.0484375 0.040625
3 0.73828125 0.8984375 0.0625 0.053125
3 0.4359375 0.85625 0.0453125 0.0296875
3 0.171875 0.66796875 0.1484375 0.1125
3 0.29375 0.72109375 0.1 0.15625
3 0.446875 0.74375 0.028125 0.0484375
3 0.42109375 0.3828125 0.096875 0.1484375
3 0.95234375 0.534375 0.0953125 0.2703125
3 0.51640625 0.93359375 0.109375 0.0859375
3 0.0296875 0.72734375 0.034375 0.0328125
3 0.35859375 0.228125 0.121875 0.0671875
3 0.45390625 0.88359375 0.0515625 0.0484375
3 0.1734375 0.371875 0.25 0.196875
3 0.03203125 0.28359375 0.0640625 0.1265625
3 0.1140625 0.72265625 0.146875 0.075
3 0.28828125 0.65390625 0.159375 0.06875
3 0.02421875 0.37265625 0.0484375 0.0796875
3 0.11015625 0.48125 0.0421875 0.0578125
3 0.3046875 0.68125 0.0375 0.0390625
3 0.33359375 0.2875 0.075 0.1140625
3 0.03046875 0.125 0.0609375 0.246875
3 0.2609375 0.04609375 0.040625 0.059375
3 0.98046875 0.90390625 0.0390625 0.1375
3 0.7953125 0.3265625 0.1625 0.084375
3 0.7015625 0.9140625 0.053125 0.0484375
3 0.77421875 0.61015625 0.2703125 0.259375
3 0.90546875 0.74609375 0.0421875 0.09375
3 0.31015625 0.1125 0.0859375 0.071875
3 0.05546875 0.0328125 0.0640625 0.065625
3 0.434375 0.78671875 0.0875 0.0921875
3 0.853125 0.74609375 0.078125 0.06875
3 0.02890625 0.95625 0.0578125 0.0875
3 0.884375 0.4125 0.1265625 0.2046875
3 0.07734375 0.2484375 0.0375 0.0671875
3 0.38515625 0.26875 0.065625 0.096875
3 0.38984375 0.1875 0.0484375 0.03125
3 0.03359375 0.790625 0.0671875 0.1421875
3 0.3875 0.81640625 0.125 0.0859375
3 0.415625 0.165625 0.125 0.0984375
3 0.1921875 0.16015625 0.190625 0.146875
3 0.20234375 0.26875 0.1875 0.18125
3 0.2578125 0.01015625 0.034375 0.0203125
3 0.69921875 0.81015625 0.1 0.065625
3 0.228125 0.7640625 0.1234375 0.08125
3 0.96953125 0.80234375 0.0609375 0.1109375
3 0.2140625 0.49140625 0.1515625 0.0609375
3 0.34765625 0.1640625 0.046875 0.0421875
3 0.75703125 0.378125 0.090625 0.0734375
3 0.4640625 0.23828125 0.0796875 0.0625
3 0.93515625 0.94765625 0.0390625 0.0515625
3 0.59296875 0.18828125 0.115625 0.0609375
3 0.7984375 0.421875 0.1171875 0.1140625
3 0.4703125 0.73515625 0.0375 0.0546875
3 0.60703125 0.67421875 0.225 0.2
3 0.58203125 0.41015625 0.321875 0.4140625
3 0.09765625 0.509375 0.0578125 0.0390625
3 0.36953125 0.3171875 0.0671875 0.096875
3 0.90234375 0.21171875 0.1953125 0.4234375
3 0.4453125 0.28515625 0.0609375 0.065625
3 0.79921875 0.853125 0.0515625 0.065625
3 0.5078125 0.7671875 0.0875 0.090625
3 0.07265625 0.17890625 0.0484375 0.0828125
3 0.584375 0.8234375 0.159375 0.18125
3 0.86171875 0.78125 0.065625 0.05
3 0.09765625 0.10390625 0.0796875 0.0859375
3 0.7375 0.8609375 0.1015625 0.08125
3 0.0375 0.41328125 0.034375 0.0328125
3 0.79296875 0.18515625 0.2484375 0.2421875
3 0.29453125 0.05859375 0.0328125 0.0390625
3 0.02734375 0.45703125 0.0546875 0.1203125
3 0.3203125 0.44140625 0.103125 0.08125
3 0.7203125 0.77109375 0.0921875 0.0953125
3 0.4015625 0.6421875 0.05 0.05625
3 0.33359375 0.18828125 0.0609375 0.0234375