3 0.51015625 0.575 0.0671875 0.0484375
3 0.18984375 0.8359375 0.065625 0.0671875
3 0.2515625 0.678125 0.084375 0.0515625
3 0.6875 0.678125 0.078125 0.075
3 0.46484375 0.915625 0.1203125 0.1234375
3 0.446875 0.6828125 0.084375 0.078125
3 0.56015625 0.5265625 0.0265625 0.034375
3 0.39609375 0.71640625 0.084375 0.0890625
3 0.8765625 0.6421875 0.046875 0.0765625
3 0.2296875 0.52421875 0.0359375 0.078125
3 0.7875 0.5359375 0.0953125 0.09375
3 0.89375 0.07734375 0.0515625 0.05625
3 0.91875 0.46328125 0.06875 0.0578125
3 0.853125 0.48984375 0.059375 0.0640625
3 0.28671875 0.5328125 0.0859375 0.0875
3 0.40625 0.78828125 0.10625 0.0703125
3 0.77890625 0.609375 0.0625 0.0625
3 0.815625 0.4265625 0.1203125 0.14375
3 0.1890625 0.96796875 0.0953125 0.053125
3 0.5328125 0.2390625 0.171875 0.1734375
3 0.6828125 0.7734375 0.06875 0.0609375
3 0.4890625 0.4078125 0.0875 0.0984375
3 0.8125 0.97109375 0.134375 0.0578125
3 0.359375 0.228125 0.2515625 0.28125
3 0.40390625 0.33203125 0.1046875 0.0609375
3 0.8390625 0.80703125 0.321875 0.1734375
3 0.49375 0.62578125 0.1078125 0.0765625
3 0.6125 0.55546875 0.0484375 0.0421875
3 0.8484375 0.32109375 0.16875 0.096875
3 0.928125 0.6375 0.0515625 0.0859375
3 0.09765625 0.53359375 0.159375 0.1734375
3 0.37578125 0.60390625 0.1 0.06875
3 0.9 0.509375 0.05625 0.053125
3 0.88359375 0.21171875 0.1796875 0.15
3 0.35859375 0.89609375 0.096875 0.09375
3 0.7234375 0.45234375 0.0671875 0.103125
3 0.86640625 0.534375 0.059375 0.0484375
3 0.42265625 0.97109375 0.0953125 0.0578125
3 0.2703125 0.8640625 0.090625 0.0953125
3 0.56328125 0.4921875 0.0421875 0.0375
3 0.5953125 0.725 0.1890625 0.14375
3 0.63046875 0.29375 0.165625 0.271875
3 0.41875 0.63125 0.05 0.053125
3 0.3328125 0.07265625 0.1609375 0.1453125
3 0.6609375 0.43671875 0.059375 0.0390625
3 0.70546875 0.33984375 0.1546875 0.1828125
3 0.7765625 0.67734375 0.196875 0.153125
3 0.68828125 0.58671875 0.1 0.109375
3 0.31640625 0.465625 0.0640625 0.0890625
3 0.48515625 0.5140625 0.109375 0.0921875
3 0.94609375 0.11796875 0.0734375 0.0859375
3 0.52109375 0.45 0.071875 0.065625
3 0.6234375 0.46640625 0.053125 0.071875
3 0.3265625 0.83125 0.05625 0.046875
3 0.459375 0.76171875 0.0515625 0.075
3 0.346875 0.67890625 0.1 0.071875
3 0.5828125 0.63671875 0.0625 0.046875
3 0.5625 0.83125 0.1953125 0.190625
3 0.509375 0.3625 0.1328125 0.103125
3 0.44921875 0.57578125 0.040625 0.0703125
3 0.3703125 0.41484375 0.0578125 0.1390625
3 0.9265625 0.55078125 0.0609375 0.0703125
3 0.93125 0.72734375 0.1375 0.08125
3 0.2484375 0.353125 0.2078125 0.2234375
3 0.71171875 0.5140625 0.0734375 0.06875
3 0.4296875 0.03828125 0.1171875 0.0765625
3 0.6171875 0.6046875 0.053125 0.065625
3 0.97265625 0.6515625 0.0546875 0.0890625
3 0.571875 0.5859375 0.046875 0.053125
3 0.1546875 0.55703125 0.1078125 0.1203125