3 0.54375 0.61328125 0.075 0.05625
3 0.21484375 0.91171875 0.0734375 0.075
3 0.27265625 0.7390625 0.09375 0.059375
3 0.73984375 0.7140625 0.0875 0.084375
3 0.51328125 0.95546875 0.1328125 0.0890625
3 0.48203125 0.7328125 0.0953125 0.0875
3 0.59453125 0.559375 0.03125 0.0375
3 0.4296875 0.771875 0.0953125 0.1
3 0.940625 0.665625 0.0546875 0.084375
3 0.240625 0.575 0.0421875 0.0859375
3 0.8390625 0.55546875 0.1078125 0.10625
3 0.92734375 0.05859375 0.0578125 0.0625
3 0.96796875 0.47109375 0.0640625 0.0640625
3 0.90703125 0.503125 0.0671875 0.071875
3 0.3015625 0.58046875 0.096875 0.0984375
3 0.44453125 0.84765625 0.1171875 0.08125
3 0.834375 0.63515625 0.0703125 0.0703125
3 0.8625 0.4375 0.1375 0.1609375
3 0.5484375 0.2515625 0.19375 0.1953125
3 0.740625 0.81640625 0.0765625 0.06875
3 0.51171875 0.43515625 0.0984375 0.1109375
3 0.3625 0.25 0.2859375 0.315625
3 0.415625 0.35859375 0.115625 0.071875
3 0.865625 0.8453125 0.26875 0.2
3 0.52890625 0.66875 0.1203125 0.0875
3 0.65234375 0.58671875 0.0546875 0.0484375
3 0.8921875 0.321875 0.1859375 0.1125
3 0.98203125 0.65625 0.0359375 0.09375
3 0.0984375 0.5921875 0.18125 0.1953125
3 0.4015625 0.65234375 0.1109375 0.0796875
3 0.9578125 0.52109375 0.0625 0.059375
3 0.90625 0.203125 0.165625 0.16875
3 0.39765625 0.95625 0.1078125 0.0875
3 0.76484375 0.4703125 0.078125 0.1140625
3 0.9234375 0.55 0.0671875 0.05625
3 0.303125 0.9375 0.103125 0.1078125
3 0.59609375 0.521875 0.046875 0.0421875
3 0.64296875 0.76953125 0.2109375 0.165625
3 0.65703125 0.30546875 0.19375 0.3015625
3 0.44921875 0.6796875 0.05625 0.059375
3 0.32421875 0.0859375 0.18125 0.1640625
3 0.69765625 0.45703125 0.065625 0.0453125
3 0.73984375 0.35078125 0.1765625 0.2046875
3 0.83515625 0.70859375 0.2203125 0.175
3 0.73515625 0.615625 0.1125 0.121875
3 0.3296875 0.50703125 0.0734375 0.0984375
3 0.51328125 0.54921875 0.121875 0.1046875
3 0.9625 0.09921875 0.0390625 0.09375
3 0.5484375 0.47890625 0.08125 0.075
3 0.659375 0.490625 0.0609375 0.0796875
3 0.3609375 0.8984375 0.0625 0.053125
3 0.5 0.8171875 0.059375 0.0828125
3 0.37421875 0.734375 0.1109375 0.0828125
3 0.625 0.67578125 0.0703125 0.053125
3 0.6140625 0.88515625 0.2203125 0.215625
3 0.53046875 0.3859375 0.1484375 0.11875
3 0.47890625 0.61796875 0.046875 0.078125
3 0.384375 0.45 0.06875 0.1515625
3 0.9765625 0.5640625 0.046875 0.078125
3 0.9640625 0.75390625 0.071875 0.0921875
3 0.25078125 0.38984375 0.2359375 0.2515625
3 0.75625 0.53671875 0.0828125 0.078125
3 0.4265625 0.04375 0.1296875 0.0875
3 0.66015625 0.63984375 0.0609375 0.0734375
3 0.61015625 0.621875 0.053125 0.059375
3 0.16171875 0.6140625 0.121875 0.134375