3 0.509375 0.57109375 0.0703125 0.0515625
3 0.175 0.82578125 0.06875 0.0703125
3 0.24296875 0.66796875 0.0875 0.0546875
3 0.6859375 0.6828125 0.0828125 0.0796875
3 0.45078125 0.915625 0.1265625 0.1296875
3 0.44140625 0.6796875 0.0890625 0.0828125
3 0.56171875 0.52421875 0.028125 0.0359375
3 0.38828125 0.7109375 0.0890625 0.09375
3 0.87890625 0.653125 0.05 0.0796875
3 0.2265625 0.51015625 0.0390625 0.08125
3 0.7921875 0.5421875 0.1 0.0984375
3 0.91640625 0.0796875 0.0546875 0.059375
3 0.92890625 0.47265625 0.071875 0.0609375
3 0.86015625 0.49765625 0.0625 0.0671875
3 0.284375 0.52109375 0.090625 0.0921875
3 0.39609375 0.78515625 0.1109375 0.075
3 0.78125 0.61640625 0.065625 0.065625
3 0.82421875 0.43125 0.1265625 0.15
3 0.16953125 0.959375 0.0984375 0.0578125
3 0.54453125 0.23203125 0.1796875 0.1828125
3 0.678125 0.77890625 0.071875 0.0640625
3 0.49375 0.4015625 0.0921875 0.103125
3 0.80234375 0.97578125 0.1390625 0.0484375
3 0.36875 0.2140625 0.265625 0.2953125
3 0.41015625 0.32109375 0.1078125 0.065625
3 0.83046875 0.81875 0.3234375 0.1875
3 0.49140625 0.62265625 0.1125 0.08125
3 0.6140625 0.55546875 0.05 0.0453125
3 0.86171875 0.32578125 0.175 0.1046875
3 0.93203125 0.65 0.0546875 0.0890625
3 0.0921875 0.515625 0.1671875 0.1828125
3 0.37265625 0.59609375 0.1046875 0.0734375
3 0.90703125 0.51875 0.059375 0.05625
3 0.9015625 0.21640625 0.1875 0.159375
3 0.34375 0.8921875 0.1015625 0.0984375
3 0.73046875 0.4546875 0.071875 0.10625
3 0.871875 0.54375 0.0625 0.0515625
3 0.40625 0.96875 0.0984375 0.059375
3 0.25546875 0.85625 0.0953125 0.1
3 0.56640625 0.48984375 0.04375 0.0390625
3 0.590625 0.7265625 0.196875 0.153125
3 0.64140625 0.290625 0.178125 0.2828125
3 0.4140625 0.62578125 0.053125 0.05625
3 0.3453125 0.065625 0.16875 0.13125
3 0.6671875 0.43671875 0.0609375 0.0421875
3 0.715625 0.340625 0.1640625 0.190625
3 0.7765625 0.68515625 0.2046875 0.1625
3 0.68984375 0.590625 0.1046875 0.1140625
3 0.31640625 0.45390625 0.0671875 0.0921875
3 0.48671875 0.50859375 0.1140625 0.096875
3 0.96484375 0.1234375 0.0703125 0.090625
3 0.52421875 0.4453125 0.075 0.06875
3 0.62890625 0.465625 0.05625 0.075
3 0.3140625 0.82578125 0.059375 0.05
3 0.45078125 0.759375 0.0546875 0.078125
3 0.33984375 0.671875 0.1046875 0.0765625
3 0.58125 0.6375 0.065625 0.05
3 0.553125 0.834375 0.2046875 0.2
3 0.515625 0.35625 0.1390625 0.109375
3 0.44765625 0.5703125 0.04375 0.071875
3 0.37265625 0.40390625 0.0640625 0.14375
3 0.93359375 0.56171875 0.0640625 0.0734375
3 0.9265625 0.740625 0.134375 0.0875
3 0.2515625 0.3375 0.21875 0.234375
3 0.715625 0.5171875 0.0765625 0.071875
3 0.44609375 0.03203125 0.1203125 0.0640625
3 0.61640625 0.60546875 0.05625 0.06875
3 0.97109375 0.66484375 0.05 0.0921875
3 0.57109375 0.58515625 0.05 0.05625
3 0.14921875 0.540625 0.1140625 0.125