3 0.68515625 0.43515625 0.109375 0.0734375
3 0.47109375 0.23125 0.0703125 0.059375
3 0.16171875 0.4421875 0.046875 0.04375
3 0.7640625 0.72109375 0.2625 0.140625
3 0.2109375 0.30078125 0.059375 0.0515625
3 0.81171875 0.5203125 0.065625 0.0375
3 0.603125 0.63359375 0.121875 0.2515625
3 0.54375 0.33359375 0.0765625 0.0828125
3 0.83359375 0.87578125 0.2015625 0.175
3 0.24453125 0.42890625 0.025 0.046875
3 0.45390625 0.44453125 0.05 0.053125
3 0.0234375 0.86640625 0.0125 0.0609375
3 0.35234375 0.04296875 0.065625 0.075
3 0.0828125 0.92109375 0.0625 0.0578125
3 0.01640625 0.46171875 0.0328125 0.0296875
3 0.340625 0.146875 0.0390625 0.040625
3 0.48046875 0.384375 0.1109375 0.071875
3 0.5375 0.48828125 0.2296875 0.196875
3 0.528125 0.175 0.034375 0.040625
3 0.22265625 0.33984375 0.0921875 0.0828125
3 0.50625 0.7125 0.1578125 0.2546875
3 0.64140625 0.28046875 0.1328125 0.0859375
3 0.0328125 0.71171875 0.0484375 0.071875
3 0.86015625 0.38828125 0.0875 0.1609375
3 0.471875 0.3296875 0.084375 0.0734375
3 0.03515625 0.96015625 0.0265625 0.05
3 0.75234375 0.06953125 0.2109375 0.1390625
3 0.22578125 0.15546875 0.0359375 0.065625
3 0.3796875 0.371875 0.103125 0.0765625
3 0.6546875 0.06875 0.08125 0.0859375
3 0.49765625 0.17265625 0.0328125 0.03125
3 0.60078125 0.09140625 0.0796875 0.1203125
3 0.03359375 0.990625 0.0171875 0.01875
3 0.26328125 0.1 0.1140625 0.128125
3 0.3953125 0.9140625 0.1578125 0.1109375
3 0.87265625 0.2703125 0.09375 0.078125
3 0.00390625 0.19140625 0.0078125 0.0765625
3 0.21953125 0.453125 0.0265625 0.0203125
3 0.93046875 0.62421875 0.1390625 0.2296875
3 0.02890625 0.91171875 0.01875 0.0515625
3 0.02109375 0.0578125 0.0421875 0.06875
3 0.48984375 0.2765625 0.0625 0.0640625
3 0.790625 0.45390625 0.171875 0.103125
3 0.6828125 0.48828125 0.0609375 0.0640625
3 0.8171875 0.19296875 0.0921875 0.1046875
3 0.090625 0.053125 0.0859375 0.06875
3 0.23828125 0.3875 0.0359375 0.0515625
3 0.85390625 0.521875 0.034375 0.034375
3 0.3640625 0.42734375 0.134375 0.0859375
3 0.5578125 0.95859375 0.30625 0.0828125
3 0.05625 0.83203125 0.0796875 0.128125
3 0.0765625 0.61015625 0.140625 0.184375
3 0.6296875 0.86796875 0.2640625 0.2359375
3 0.725 0.36796875 0.203125 0.1390625
3 0.546875 0.271875 0.071875 0.06875
3 0.73515625 0.62421875 0.2296875 0.228125
3 0.13125 0.471875 0.034375 0.028125
3 0.378125 0.975 0.0609375 0.046875
3 0.9078125 0.37578125 0.0609375 0.1328125
3 0.00234375 0.33359375 0.0046875 0.0703125
3 0.0421875 0.925 0.0359375 0.0359375
3 0.25078125 0.28984375 0.03125 0.0296875
3 0.81640625 0.3015625 0.0734375 0.0734375
3 0.47421875 0.19375 0.0734375 0.0375
3 0.91953125 0.25390625 0.0453125 0.0421875
3 0.61015625 0.35390625 0.09375 0.0796875
3 0.52109375 0.2046875 0.040625 0.0359375
3 0.27890625 0.3796875 0.046875 0.05625
3 0.6953125 0.19609375 0.1859375 0.1296875
3 0.2671875 0.559375 0.290625 0.2578125
3 0.2703125 0.209375 0.065625 0.0546875
3 0.35859375 0.73671875 0.1921875 0.2921875
3 0.0859375 0.50703125 0.09375 0.065625
3 0.50546875 0.4109375 0.05625 0.0390625
3 0.88046875 0.02890625 0.0671875 0.0578125
3 0.82421875 0.95546875 0.2078125 0.0671875
3 0.928125 0.846875 0.14375 0.21875
3 0.25078125 0.25234375 0.0421875 0.0484375
3 0.03359375 0.79453125 0.040625 0.0859375
3 0.75703125 0.4875 0.1 0.071875
3 0.4375 0.31484375 0.0625 0.053125
3 0.20390625 0.96953125 0.1046875 0.0609375
3 0.16328125 0.48671875 0.06875 0.084375
3 0.74140625 0.28359375 0.128125 0.1125
3 0.6359375 0.3859375 0.0796875 0.0640625
3 0.3125 0.9796875 0.06875 0.040625
3 0.09765625 0.471875 0.0421875 0.0234375
3 0.85859375 0.55234375 0.021875 0.04375
3 0.74453125 0.12421875 0.0765625 0.0625
3 0.10234375 0.37890625 0.171875 0.2015625
3 0.30078125 0.14609375 0.040625 0.0484375
3 0.05546875 0.903125 0.0328125 0.021875
3 0.86875 0.31875 0.096875 0.0609375
3 0.25234375 0.05546875 0.153125 0.09375
3 0.90546875 0.121875 0.1640625 0.24375
3 0.31328125 0.2578125 0.0359375 0.0453125
3 0.95234375 0.30859375 0.08125 0.1078125
3 0.95390625 0.4875 0.0921875 0.16875
3 0.9359375 0.01484375 0.078125 0.0296875
3 0.90625 0.50625 0.0640625 0.040625
3 0.15546875 0.1515625 0.115625 0.1890625
3 0.8234375 0.56796875 0.078125 0.071875
3 0.521875 0.24765625 0.046875 0.046875
3 0.00546875 0.565625 0.0078125 0.0515625
3 0.68984375 0.0953125 0.0890625 0.0875
3 0.40078125 0.534375 0.08125 0.08125
3 0.37890625 0.99375 0.0734375 0.0125
3 0.63203125 0.0234375 0.0546875 0.046875
3 0.11484375 0.73515625 0.1578125 0.0953125
3 0.2703125 0.41796875 0.04375 0.053125
3 0.33828125 0.08203125 0.059375 0.0875
3 0.3328125 0.3390625 0.034375 0.0375
3 0.96171875 0.384375 0.0703125 0.0828125
3 0.4 0.02890625 0.0859375 0.0515625
3 0.19921875 0.41640625 0.0734375 0.0609375
3 0.03125 0.5234375 0.0625 0.05
3 0.1328125 0.81171875 0.11875 0.153125
3 0.54375 0.3859375 0.0484375 0.0296875
3 0.9796875 0.2390625 0.0171875 0.0515625