3 0.6890625 0.45625 0.103125 0.0671875
3 0.48984375 0.24609375 0.065625 0.0546875
3 0.1765625 0.43515625 0.04375 0.040625
3 0.7515625 0.73828125 0.25 0.125
3 0.2328125 0.3 0.0546875 0.0484375
3 0.8078125 0.5453125 0.0625 0.0328125
3 0.5984375 0.6453125 0.10625 0.240625
3 0.55625 0.34921875 0.0703125 0.078125
3 0.8109375 0.89375 0.1890625 0.1609375
3 0.25859375 0.4265625 0.021875 0.0453125
3 0.4625 0.453125 0.046875 0.05
3 0.0125 0.84296875 0.025 0.059375
3 0.38359375 0.053125 0.0609375 0.075
3 0.07578125 0.89921875 0.0578125 0.053125
3 0.03359375 0.44765625 0.03125 0.0265625
3 0.3671875 0.15625 0.0359375 0.0375
3 0.49140625 0.3953125 0.1046875 0.0640625
3 0.5421875 0.5 0.215625 0.18125
3 0.54921875 0.19296875 0.03125 0.0375
3 0.2421875 0.3390625 0.0859375 0.0765625
3 0.5 0.7171875 0.1421875 0.2421875
3 0.65390625 0.30234375 0.125 0.078125
3 0.0375 0.6921875 0.0453125 0.06875
3 0.8625 0.41875 0.078125 0.153125
3 0.4859375 0.34140625 0.0796875 0.0671875
3 0.01953125 0.93671875 0.0390625 0.046875
3 0.77421875 0.0828125 0.1984375 0.165625
3 0.2546875 0.15859375 0.03125 0.0625
3 0.39375 0.378125 0.096875 0.0703125
3 0.678125 0.09609375 0.075 0.08125
3 0.51953125 0.1890625 0.03125 0.028125
3 0.62421875 0.11484375 0.071875 0.1140625
3 0.015625 0.978125 0.03125 0.0421875
3 0.29375 0.10703125 0.1046875 0.1203125
3 0.38125 0.90859375 0.15 0.1
3 0.88046875 0.30390625 0.0875 0.071875
3 0.01953125 0.18203125 0.0390625 0.0734375
3 0.23359375 0.44921875 0.025 0.01875
3 0.928125 0.6546875 0.14375 0.2171875
3 0.015625 0.88828125 0.03125 0.05
3 0.0390625 0.0421875 0.078125 0.084375
3 0.50625 0.290625 0.0578125 0.059375
3 0.79140625 0.4796875 0.1625 0.0921875
3 0.68359375 0.50703125 0.05625 0.059375
3 0.83046875 0.22578125 0.0859375 0.0984375
3 0.128125 0.04140625 0.08125 0.0828125
3 0.2546875 0.38671875 0.0328125 0.0484375
3 0.84921875 0.54921875 0.03125 0.03125
3 0.37578125 0.43125 0.1265625 0.078125
3 0.5375 0.9640625 0.296875 0.071875
3 0.0546875 0.8109375 0.071875 0.121875
3 0.08515625 0.5953125 0.128125 0.1734375
3 0.6125 0.87578125 0.246875 0.21875
3 0.73125 0.39140625 0.1921875 0.1265625
3 0.56171875 0.2890625 0.0671875 0.0640625
3 0.728125 0.64296875 0.2140625 0.2125
3 0.14609375 0.4625 0.0328125 0.025
3 0.3609375 0.9671875 0.0578125 0.04375
3 0.909375 0.409375 0.053125 0.1265625
3 0.0140625 0.321875 0.028125 0.06875
3 0.03515625 0.9015625 0.0328125 0.0328125
3 0.0296875 0.99375 0.0421875 0.0125
3 0.271875 0.29140625 0.0296875 0.028125
3 0.82421875 0.33203125 0.06875 0.06875
3 0.4953125 0.209375 0.0703125 0.0328125
3 0.92734375 0.290625 0.0421875 0.0390625
3 0.6203125 0.37265625 0.0875 0.0734375
3 0.540625 0.221875 0.0375 0.0328125
3 0.29453125 0.38046875 0.04375 0.053125
3 0.7109375 0.22265625 0.1765625 0.11875
3 0.27421875 0.55546875 0.271875 0.2375
3 0.2953125 0.21328125 0.0609375 0.05
3 0.35390625 0.73359375 0.1734375 0.2765625
3 0.1 0.49453125 0.0890625 0.059375
3 0.51484375 0.42265625 0.053125 0.0359375
3 0.90234375 0.04765625 0.0609375 0.0953125
3 0.79921875 0.971875 0.2 0.05625
3 0.9203125 0.87265625 0.159375 0.20625
3 0.27421875 0.2546875 0.0390625 0.0453125
3 0.02578125 0.7734375 0.0515625 0.0828125
3 0.75625 0.51015625 0.09375 0.065625
3 0.453125 0.325 0.0578125 0.05
3 0.1921875 0.9625 0.0984375 0.075
3 0.1765625 0.47890625 0.0625 0.0796875
3 0.7515625 0.3109375 0.1203125 0.103125
3 0.64296875 0.4046875 0.075 0.0578125
3 0.2984375 0.97578125 0.0640625 0.0484375
3 0.11328125 0.4609375 0.040625 0.0203125
3 0.85234375 0.57890625 0.01875 0.0421875
3 0.76328125 0.1546875 0.071875 0.0578125
3 0.12265625 0.37109375 0.1578125 0.1890625
3 0.328125 0.153125 0.0375 0.0453125
3 0.05 0.88046875 0.03125 0.01875
3 0.8734375 0.3515625 0.0921875 0.0546875
3 0.28515625 0.05234375 0.1453125 0.1046875
3 0.9234375 0.14296875 0.153125 0.2671875
3 0.0953125 0.98828125 0.0875 0.0234375
3 0.33515625 0.26328125 0.0328125 0.0421875
3 0.959375 0.346875 0.08125 0.1015625
3 0.95390625 0.521875 0.0921875 0.1609375
3 0.9578125 0.03515625 0.0734375 0.0703125
3 0.9015625 0.5359375 0.0609375 0.0359375
3 0.1859375 0.1515625 0.103125 0.1796875
3 0.8171875 0.59296875 0.0734375 0.0671875
3 0.5390625 0.2640625 0.04375 0.04375
3 0.01015625 0.5484375 0.0203125 0.05
3 0.7109375 0.1234375 0.0828125 0.08125
3 0.40625 0.5375 0.0765625 0.075
3 0.36171875 0.990625 0.0703125 0.01875
3 0.659375 0.05078125 0.0515625 0.0453125
3 0.11640625 0.71953125 0.15 0.0859375
3 0.284375 0.41796875 0.040625 0.05
3 0.36796875 0.09296875 0.053125 0.0828125
3 0.34921875 0.34375 0.03125 0.034375
3 0.96484375 0.42109375 0.0703125 0.078125
3 0.43203125 0.03359375 0.08125 0.0671875
3 0.21484375 0.4125 0.06875 0.05625
3 0.03828125 0.51015625 0.0734375 0.046875
3 0.13046875 0.7953125 0.109375 0.14375
3 0.55390625 0.4 0.046875 0.0265625
3 0.98984375 0.28046875 0.0203125 0.05