3 0.6921875 0.465625 0.1078125 0.0734375
3 0.5015625 0.24296875 0.06875 0.059375
3 0.175 0.4171875 0.046875 0.04375
3 0.73984375 0.7546875 0.259375 0.1390625
3 0.2390625 0.28359375 0.0578125 0.0515625
3 0.80703125 0.5625 0.065625 0.0375
3 0.590625 0.6515625 0.1203125 0.2484375
3 0.56328125 0.35078125 0.075 0.0828125
3 0.7921875 0.91328125 0.2 0.1734375
3 0.2578125 0.41328125 0.025 0.046875
3 0.4625 0.45 0.05 0.053125
3 0.4046875 0.0421875 0.065625 0.0796875
3 0.0484375 0.88046875 0.0609375 0.05625
3 0.02890625 0.421875 0.0328125 0.028125
3 0.3828125 0.1453125 0.0390625 0.040625
3 0.4953125 0.39375 0.109375 0.0703125
3 0.54140625 0.50234375 0.2265625 0.1953125
3 0.56484375 0.1921875 0.034375 0.040625
3 0.24609375 0.3234375 0.090625 0.08125
3 0.48671875 0.7203125 0.15625 0.253125
3 0.6640625 0.30859375 0.13125 0.0859375
3 0.02265625 0.66875 0.0453125 0.071875
3 0.86953125 0.4375 0.0875 0.159375
3 0.49296875 0.33828125 0.084375 0.071875
3 0.0046875 0.91484375 0.009375 0.0484375
3 0.796875 0.0953125 0.2078125 0.171875
3 0.26875 0.14140625 0.0359375 0.065625
3 0.396875 0.37109375 0.1015625 0.0765625
3 0.7 0.10078125 0.0796875 0.0859375
3 0.534375 0.18671875 0.0328125 0.0296875
3 0.64453125 0.1171875 0.078125 0.11875
3 0.3109375 0.0921875 0.1125 0.1265625
3 0.35625 0.90703125 0.15625 0.109375
3 0.89375 0.321875 0.0921875 0.0765625
3 0.0328125 0.15234375 0.034375 0.075
3 0.23203125 0.434375 0.0265625 0.0203125
3 0.92109375 0.678125 0.1515625 0.228125
3 0.0609375 0.02890625 0.075 0.0578125
3 0.515625 0.2890625 0.0609375 0.0625
3 0.79453125 0.4953125 0.16875 0.1015625
3 0.68359375 0.51640625 0.059375 0.0625
3 0.846875 0.240625 0.0921875 0.1046875
3 0.14609375 0.0296875 0.0859375 0.059375
3 0.25625 0.371875 0.0359375 0.0515625
3 0.84921875 0.56875 0.034375 0.034375
3 0.3765625 0.42421875 0.1328125 0.0859375
3 0.5125 0.96328125 0.303125 0.0734375
3 0.0359375 0.78984375 0.071875 0.1265625
3 0.0734375 0.575 0.1390625 0.1828125
3 0.59140625 0.884375 0.2609375 0.23125
3 0.73828125 0.40234375 0.2015625 0.1375
3 0.571875 0.28984375 0.071875 0.06875
3 0.721875 0.65625 0.228125 0.2265625
3 0.1421875 0.44296875 0.034375 0.0265625
3 0.33359375 0.965625 0.0609375 0.046875
3 0.9171875 0.43046875 0.0609375 0.13125
3 0.0203125 0.29453125 0.0234375 0.0703125
3 0.0125 0.88203125 0.025 0.0359375
3 0.00859375 0.97109375 0.0171875 0.0078125
3 0.27890625 0.27734375 0.03125 0.0296875
3 0.83515625 0.346875 0.0734375 0.0734375
3 0.509375 0.20546875 0.0734375 0.0375
3 0.94140625 0.3109375 0.0453125 0.0421875
3 0.6265625 0.37734375 0.0921875 0.078125
3 0.5546875 0.2203125 0.040625 0.0359375
3 0.296875 0.36796875 0.046875 0.05625
3 0.72578125 0.23125 0.184375 0.1296875
3 0.2671875 0.54375 0.2875 0.2546875
3 0.30703125 0.19921875 0.0640625 0.0546875
3 0.33828125 0.72890625 0.190625 0.2890625
3 0.09375 0.4734375 0.0921875 0.0640625
3 0.5171875 0.42265625 0.05625 0.0390625
3 0.92890625 0.0671875 0.065625 0.0921875
3 0.775 0.97890625 0.20625 0.0421875
3 0.9 0.89453125 0.16875 0.2109375
3 0.2828125 0.23984375 0.0421875 0.0484375
3 0.015625 0.74921875 0.03125 0.0859375
3 0.75703125 0.5234375 0.0984375 0.071875
3 0.46015625 0.3203125 0.0609375 0.053125
3 0.16171875 0.94765625 0.103125 0.075
3 0.17265625 0.46171875 0.0671875 0.084375
3 0.7625 0.321875 0.1265625 0.1109375
3 0.64765625 0.4109375 0.078125 0.0625
3 0.26796875 0.96640625 0.065625 0.046875
3 0.109375 0.43984375 0.0421875 0.021875
3 0.85078125 0.5984375 0.0203125 0.04375
3 0.7828125 0.1640625 0.075 0.0625
3 0.1234375 0.35 0.1703125 0.2
3 0.34296875 0.13984375 0.040625 0.0484375
3 0.0234375 0.8609375 0.0328125 0.0203125
3 0.88359375 0.36953125 0.0953125 0.0609375
3 0.30390625 0.04609375 0.1515625 0.0921875
3 0.93046875 0.1609375 0.1390625 0.278125
3 0.06328125 0.96953125 0.0890625 0.021875
3 0.34375 0.2515625 0.0359375 0.0453125
3 0.96328125 0.36796875 0.0734375 0.1078125
3 0.95234375 0.54453125 0.0953125 0.1671875
3 0.97265625 0.0578125 0.0546875 0.06875
3 0.90234375 0.5578125 0.0640625 0.040625
3 0.19921875 0.13046875 0.1140625 0.1875
3 0.8140625 0.6109375 0.078125 0.071875
3 0.55078125 0.26328125 0.046875 0.046875
3 0.00625 0.52265625 0.0125 0.0515625
3 0.73125 0.13046875 0.0875 0.0859375
3 0.4015625 0.5328125 0.08125 0.0796875
3 0.3328125 0.9859375 0.071875 0.015625
3 0.68359375 0.0546875 0.0546875 0.0484375
3 0.09921875 0.7015625 0.15625 0.0953125
3 0.284375 0.40546875 0.04375 0.053125
3 0.38671875 0.08125 0.0578125 0.0859375
3 0.3546875 0.33359375 0.034375 0.0375
3 0.9671875 0.44296875 0.065625 0.0828125
3 0.453125 0.0296875 0.084375 0.059375
3 0.2140625 0.396875 0.071875 0.0609375
3 0.034375 0.48515625 0.06875 0.0515625
3 0.109375 0.77890625 0.11875 0.1515625
3 0.55859375 0.4015625 0.0484375 0.0296875
3 0.996875 0.30234375 0.00625 0.0515625