3 0.47421875 0.753125 0.35 0.4109375
3 0.56640625 0.87109375 0.2 0.2265625
3 0.3265625 0.72109375 0.20625 0.303125
3 0.20234375 0.69765625 0.4046875 0.6046875
3 0.159375 0.4734375 0.31875 0.378125
3 0.5328125 0.42578125 0.10625 0.146875
3 0.740625 0.525 0.3578125 0.490625
3 0.47109375 0.21640625 0.15 0.21875
3 0.54921875 0.32421875 0.109375 0.1125
3 0.54296875 0.21796875 0.0765625 0.1203125
3 0.3421875 0.15390625 0.075 0.0921875
3 0.33359375 0.24375 0.0953125 0.1265625
3 0.74296875 0.1234375 0.0859375 0.1
3 0.7578125 0.071875 0.15625 0.1140625
3 0.80859375 0.20546875 0.18125 0.240625
3 0.63828125 0.07890625 0.0875 0.109375
3 0.434375 0.490625 0.1609375 0.2
3 0.53125 0.51640625 0.125 0.1109375
3 0.1015625 0.2765625 0.1234375 0.1234375
3 0.03125 0.33203125 0.0625 0.1328125
3 0.225 0.1078125 0.0984375 0.1375
3 0.2125 0.28515625 0.0734375 0.1078125
3 0.25078125 0.21953125 0.0953125 0.115625
3 0.8796875 0.5953125 0.240625 0.703125
3 0.6796875 0.8875 0.2625 0.2125
3 0.78515625 0.803125 0.2046875 0.265625
3 0.61953125 0.6375 0.246875 0.3234375
3 0.71171875 0.290625 0.1515625 0.1859375
3 0.8828125 0.278125 0.2109375 0.265625