3 0.4265625 0.73203125 0.3234375 0.3890625
3 0.48671875 0.8671875 0.1859375 0.2125
3 0.29140625 0.66640625 0.1875 0.290625
3 0.17421875 0.65 0.3484375 0.665625
3 0.16953125 0.38359375 0.3390625 0.3578125
3 0.5609375 0.43125 0.096875 0.1390625
3 0.73671875 0.5765625 0.3265625 0.46875
3 0.5515625 0.21484375 0.1359375 0.2109375
3 0.60078125 0.3375 0.1015625 0.10625
3 0.62109375 0.234375 0.06875 0.115625
3 0.44375 0.12421875 0.06875 0.0875
3 0.4125 0.20859375 0.0875 0.121875
3 0.8359375 0.19140625 0.0796875 0.09375
3 0.86171875 0.1453125 0.15 0.103125
3 0.87890625 0.28515625 0.165625 0.2296875
3 0.74453125 0.12265625 0.08125 0.1046875
3 0.45078125 0.4703125 0.1484375 0.1890625
3 0.5375 0.5171875 0.11875 0.1015625
3 0.18203125 0.184375 0.1171875 0.115625
3 0.08828125 0.21875 0.08125 0.128125
3 0.05859375 0.14453125 0.0640625 0.0765625
3 0.34140625 0.05859375 0.0890625 0.1171875
3 0.28671875 0.21953125 0.065625 0.1046875
3 0.33984375 0.16484375 0.0875 0.109375
3 0.8765625 0.67109375 0.246875 0.6578125
3 0.5921875 0.90546875 0.25 0.1890625
3 0.71328125 0.853125 0.1875 0.253125
3 0.59375 0.65546875 0.225 0.309375
3 0.765625 0.34453125 0.1390625 0.1765625
3 0.9171875 0.371875 0.165625 0.253125