3 0.44453125 0.73125 0.2890625 0.3609375
3 0.515625 0.859375 0.1671875 0.196875
3 0.30625 0.678125 0.1609375 0.275
3 0.16796875 0.6796875 0.3359375 0.6390625
3 0.15859375 0.4109375 0.315625 0.328125
3 0.55078125 0.42421875 0.084375 0.13125
3 0.7359375 0.5515625 0.284375 0.440625
3 0.5234375 0.2125 0.1171875 0.1984375
3 0.58203125 0.32890625 0.0921875 0.096875
3 0.59296875 0.225 0.0578125 0.109375
3 0.40859375 0.13203125 0.0609375 0.08125
3 0.3859375 0.21796875 0.0765625 0.1140625
3 0.80078125 0.1640625 0.071875 0.0875
3 0.82265625 0.11640625 0.140625 0.090625
3 0.85078125 0.253125 0.1453125 0.215625
3 0.70546875 0.1046875 0.071875 0.096875
3 0.44609375 0.471875 0.13125 0.1765625
3 0.53515625 0.5109375 0.109375 0.0921875
3 0.15703125 0.2140625 0.10625 0.1046875
3 0.06796875 0.25546875 0.0703125 0.1203125
3 0.03125 0.1859375 0.0609375 0.071875
3 0.30234375 0.06953125 0.078125 0.1234375
3 0.26328125 0.2390625 0.05625 0.0984375
3 0.31015625 0.18125 0.078125 0.1015625
3 0.89609375 0.6578125 0.2078125 0.684375
3 0.6234375 0.90234375 0.23125 0.190625
3 0.73671875 0.8265625 0.165625 0.2359375
3 0.60234375 0.6421875 0.1984375 0.2890625
3 0.74453125 0.32109375 0.1234375 0.1640625
3 0.91328125 0.3359375 0.1734375 0.2359375