3 0.52734375 0.934375 0.0421875 0.065625
3 0.11640625 0.75625 0.0484375 0.084375
3 0.48203125 0.35546875 0.1234375 0.1625
3 0.03828125 0.6375 0.0765625 0.1578125
3 0.0640625 0.7609375 0.0453125 0.0875
3 0.03203125 0.9578125 0.0625 0.084375
3 0.16796875 0.98828125 0.04375 0.021875
3 0.46796875 0.81875 0.053125 0.084375
3 0.3171875 0.77421875 0.075 0.15
3 0.5734375 0.83125 0.0359375 0.071875
3 0.521875 0.8328125 0.065625 0.075
3 0.58203125 0.7703125 0.0515625 0.10625
3 0.72578125 0.88125 0.171875 0.2375
3 0.60625 0.47734375 0.0875 0.134375
3 0.48359375 0.490625 0.0421875 0.0859375
3 0.4578125 0.215625 0.084375 0.1171875
3 0.4296875 0.040625 0.0828125 0.08125
3 0.0546875 0.11640625 0.0734375 0.10625
3 0.9171875 0.16953125 0.1171875 0.146875
3 0.95234375 0.2859375 0.0953125 0.209375
3 0.77109375 0.45390625 0.078125 0.103125
3 0.89296875 0.7234375 0.065625 0.1125