3 0.5125 0.92265625 0.040625 0.0625
3 0.11640625 0.7515625 0.046875 0.08125
3 0.46875 0.365625 0.11875 0.15625
3 0.0390625 0.6375 0.078125 0.1515625
3 0.06640625 0.75546875 0.04375 0.084375
3 0.0328125 0.95234375 0.065625 0.09375
3 0.16640625 0.98203125 0.0421875 0.0359375
3 0.45546875 0.81171875 0.0515625 0.08125
3 0.31015625 0.76875 0.071875 0.1453125
3 0.55625 0.8234375 0.034375 0.06875
3 0.50703125 0.825 0.0640625 0.071875
3 0.56484375 0.76484375 0.05 0.1015625
3 0.703125 0.87890625 0.165625 0.240625
3 0.58828125 0.4828125 0.084375 0.1296875
3 0.4703125 0.4953125 0.040625 0.0828125
3 0.4453125 0.23125 0.08125 0.1125
3 0.41796875 0.05078125 0.0796875 0.1015625
3 0.05703125 0.13515625 0.0703125 0.1015625
3 0.8875 0.18671875 0.1125 0.140625
3 0.93828125 0.3 0.1234375 0.2015625
3 0.746875 0.46015625 0.075 0.0984375
3 0.8640625 0.71953125 0.0640625 0.109375