3 0.5890625 0.921875 0.0515625 0.06875
3 0.1640625 0.82109375 0.0609375 0.0890625
3 0.44765625 0.37421875 0.1453125 0.1765625
3 0.06875 0.71953125 0.1 0.1640625
3 0.11484375 0.83359375 0.059375 0.0921875
3 0.5125 0.821875 0.065625 0.090625
3 0.36015625 0.80390625 0.096875 0.1578125
3 0.61484375 0.815625 0.046875 0.075
3 0.56640625 0.82578125 0.0765625 0.0828125
3 0.61328125 0.75546875 0.0671875 0.1109375
3 0.7703125 0.840625 0.20625 0.2609375
3 0.58671875 0.4703125 0.10625 0.14375
3 0.471875 0.503125 0.0546875 0.0890625
3 0.4 0.24453125 0.1 0.1265625
3 0.3421875 0.07109375 0.096875 0.1125
3 0.01953125 0.21640625 0.0390625 0.1140625
3 0.83359375 0.12265625 0.1375 0.159375
3 0.9 0.2265625 0.1515625 0.221875
3 0.74140625 0.41953125 0.0921875 0.1109375
3 0.90390625 0.6578125 0.0828125 0.1203125