3 0.20390625 0.728125 0.1359375 0.184375
3 0.37421875 0.2046875 0.171875 0.290625
3 0.4328125 0.784375 0.071875 0.140625
3 0.5140625 0.81640625 0.1 0.140625
3 0.31875 0.74375 0.096875 0.1390625
3 0.60078125 0.73515625 0.09375 0.15625
3 0.4484375 0.6453125 0.084375 0.15
3 0.28828125 0.4609375 0.090625 0.178125
3 0.02890625 0.8625 0.0578125 0.13125
3 0.03125 0.9578125 0.0625 0.084375
3 0.07734375 0.81015625 0.0875 0.1125
3 0.10859375 0.86484375 0.08125 0.090625
3 0.2203125 0.9453125 0.11875 0.109375
3 0.39921875 0.44453125 0.1 0.16875
0 0.56484375 0.421875 0.14375 0.10625