3 0.24453125 0.6875 0.13125 0.1765625
3 0.39765625 0.1890625 0.1671875 0.278125
3 0.4625 0.73671875 0.06875 0.134375
3 0.540625 0.76484375 0.096875 0.134375
3 0.35390625 0.69921875 0.0953125 0.1328125
3 0.62109375 0.68671875 0.0921875 0.1484375
3 0.475 0.6046875 0.08125 0.14375
3 0.3203125 0.4328125 0.0875 0.16875
3 0.07265625 0.8171875 0.0765625 0.125
3 0.065625 0.92265625 0.1 0.1125
3 0.1265625 0.76640625 0.0859375 0.10625
3 0.15703125 0.81796875 0.078125 0.0875
3 0.2640625 0.90078125 0.1140625 0.121875
3 0.425 0.41640625 0.096875 0.1609375
0 0.58203125 0.39140625 0.1375 0.103125