3 0.253125 0.67578125 0.12578125 0.171875
3 0.4109375 0.190625 0.159375 0.26953125
3 0.465625 0.728125 0.065625 0.13046875
3 0.540625 0.75703125 0.09296875 0.13046875
3 0.359375 0.68984375 0.090625 0.12890625
3 0.62109375 0.68203125 0.0875 0.1453125
3 0.4796875 0.59921875 0.07734375 0.1390625
3 0.33203125 0.428125 0.08359375 0.1640625
3 0.08203125 0.8 0.07265625 0.12109375
3 0.07421875 0.903125 0.096875 0.1078125
3 0.1359375 0.7515625 0.08203125 0.10390625
3 0.16484375 0.80234375 0.075 0.084375
3 0.26796875 0.88515625 0.11015625 0.1171875
3 0.434375 0.41328125 0.09140625 0.15546875
0 0.5875 0.3921875 0.13359375 0.09765625