3 0.56171875 0.28671875 0.0875 0.053125
3 0.15703125 0.7375 0.1953125 0.184375
3 0.6359375 0.5625 0.053125 0.0734375
3 0.040625 0.51328125 0.08125 0.1265625
3 0.7734375 0.38359375 0.0859375 0.075
3 0.19140625 0.359375 0.0625 0.053125
3 0.59453125 0.49453125 0.05 0.0640625
3 0.91328125 0.25703125 0.046875 0.05625
3 0.73515625 0.60234375 0.06875 0.0984375
3 0.47890625 0.7796875 0.18125 0.196875
3 0.64296875 0.7046875 0.040625 0.0546875
3 0.29765625 0.5171875 0.0453125 0.0390625
3 0.5625 0.340625 0.05 0.059375
3 0.1328125 0.49453125 0.0421875 0.046875
3 0.56953125 0.81171875 0.1328125 0.15
3 0.60859375 0.71796875 0.0484375 0.053125
3 0.2046875 0.50859375 0.1 0.0625
3 0.56171875 0.4078125 0.065625 0.046875
3 0.29609375 0.56953125 0.0609375 0.0765625
3 0.45234375 0.259375 0.0578125 0.0828125
3 0.959375 0.321875 0.08125 0.10625
3 0.33984375 0.9640625 0.1234375 0.071875
3 0.259375 0.73671875 0.053125 0.071875
3 0.42421875 0.3890625 0.084375 0.0625
3 0.7140625 0.53046875 0.0859375 0.125
3 0.075 0.60078125 0.05625 0.09375
3 0.17890625 0.64765625 0.121875 0.1015625
3 0.54296875 0.51796875 0.0390625 0.0578125
3 0.3171875 0.7390625 0.0609375 0.0703125
3 0.115625 0.31640625 0.1078125 0.1140625
3 0.5421875 0.64921875 0.046875 0.0734375
3 0.68046875 0.46484375 0.1078125 0.08125
3 0.23125 0.8421875 0.08125 0.1125
3 0.7390625 0.83046875 0.2015625 0.153125
3 0.71796875 0.67734375 0.04375 0.046875
3 0.18828125 0.46484375 0.0703125 0.0734375
3 0.8421875 0.47109375 0.08125 0.09375
3 0.2953125 0.7875 0.096875 0.0671875
3 0.94140625 0.4359375 0.0796875 0.0828125
3 0.6515625 0.4015625 0.0609375 0.040625
3 0.66640625 0.1984375 0.0546875 0.1375
3 0.82578125 0.64765625 0.1109375 0.146875
3 0.42109375 0.29453125 0.05 0.0546875
3 0.61171875 0.4359375 0.05625 0.090625
3 0.12890625 0.24140625 0.084375 0.0796875
3 0.36796875 0.77421875 0.0578125 0.0859375
3 0.88671875 0.54453125 0.11875 0.1546875
3 0.62890625 0.6109375 0.05625 0.078125
3 0.309375 0.4859375 0.05625 0.04375
3 0.2 0.578125 0.0671875 0.0640625