3 0.52421875 0.26328125 0.103125 0.0765625
3 0.23671875 0.82734375 0.246875 0.2390625
3 0.6734375 0.521875 0.0734375 0.0890625
3 0.059375 0.63203125 0.1125 0.15
3 0.76328125 0.303125 0.10625 0.0984375
3 0.16953125 0.43671875 0.078125 0.0703125
3 0.61328125 0.4640625 0.0671875 0.078125
3 0.8703125 0.1375 0.0625 0.06875
3 0.784375 0.534375 0.096875 0.11875
3 0.5734375 0.7828125 0.2375 0.2484375
3 0.71875 0.66328125 0.05625 0.065625
3 0.31875 0.5671875 0.05625 0.0515625
3 0.5390625 0.3171875 0.0671875 0.0734375
3 0.146875 0.5890625 0.0546875 0.059375
3 0.6734375 0.790625 0.175 0.1875
3 0.6875 0.6859375 0.0640625 0.0671875
3 0.2234375 0.58359375 0.11875 0.090625
3 0.55625 0.38515625 0.0796875 0.065625
3 0.33203125 0.6203125 0.0828125 0.09375
3 0.40546875 0.26484375 0.08125 0.1
3 0.91484375 0.19609375 0.06875 0.11875
3 0.478125 0.9765625 0.1375 0.046875
3 0.33984375 0.79921875 0.0734375 0.0875
3 0.4125 0.40390625 0.1015625 0.0859375
3 0.74375 0.46796875 0.1203125 0.15
3 0.11640625 0.71171875 0.08125 0.109375
3 0.234375 0.73125 0.15 0.1359375
3 0.5671875 0.5015625 0.0546875 0.06875
3 0.3984375 0.7859375 0.08125 0.0875
3 0.08125 0.41328125 0.1390625 0.1453125
3 0.60234375 0.634375 0.0671875 0.0859375
3 0.6921875 0.41015625 0.13125 0.1109375
3 0.33984375 0.91328125 0.1125 0.1359375
3 0.85 0.7640625 0.2453125 0.209375
3 0.7875 0.61484375 0.0578125 0.059375
3 0.19453125 0.54375 0.090625 0.0921875
3 0.85625 0.37265625 0.1078125 0.115625
3 0.38984375 0.840625 0.115625 0.09375
3 0.9359375 0.3125 0.08125 0.1
3 0.6453125 0.35390625 0.0734375 0.0578125
3 0.60546875 0.1453125 0.0921875 0.153125
3 0.88828125 0.55625 0.1515625 0.178125
3 0.38359375 0.30859375 0.065625 0.06875
3 0.61484375 0.4 0.08125 0.10625
3 0.07421875 0.334375 0.10625 0.103125
3 0.459375 0.8078125 0.08125 0.103125
3 0.9203125 0.43515625 0.159375 0.1890625
3 0.6796875 0.571875 0.078125 0.09375
3 0.32265625 0.53203125 0.06875 0.059375
3 0.2375 0.65546875 0.0859375 0.0828125