3 0.60625 0.28203125 0.096875 0.0609375
3 0.1515625 0.753125 0.2171875 0.20625
3 0.67578125 0.58203125 0.0609375 0.08125
3 0.040625 0.50546875 0.08125 0.1390625
3 0.83125 0.39453125 0.0953125 0.084375
3 0.20390625 0.34609375 0.06875 0.059375
3 0.634375 0.50703125 0.05625 0.071875
3 0.9796875 0.2609375 0.040625 0.0625
3 0.78125 0.62890625 0.078125 0.109375
3 0.4984375 0.8109375 0.203125 0.21875
3 0.67890625 0.7359375 0.0453125 0.0609375
3 0.3125 0.52109375 0.05 0.04375
3 0.60546875 0.33984375 0.05625 0.065625
3 0.13515625 0.48984375 0.046875 0.0515625
3 0.59453125 0.84921875 0.15 0.1671875
3 0.640625 0.7484375 0.0546875 0.059375
3 0.21171875 0.5078125 0.109375 0.0703125
3 0.6015625 0.41171875 0.0734375 0.053125
3 0.30859375 0.57734375 0.06875 0.084375
3 0.4890625 0.24765625 0.065625 0.0921875
3 0.340625 0.9796875 0.1359375 0.034375
3 0.2625 0.75625 0.0609375 0.0796875
3 0.45390625 0.38671875 0.09375 0.0703125
3 0.76171875 0.55078125 0.096875 0.1390625
3 0.06875 0.60234375 0.0640625 0.103125
3 0.1796875 0.65703125 0.1359375 0.1140625
3 0.578125 0.53125 0.04375 0.0640625
3 0.325 0.7609375 0.06875 0.078125
3 0.1234375 0.296875 0.1203125 0.128125
3 0.57109375 0.671875 0.053125 0.08125
3 0.728125 0.478125 0.11875 0.0921875
3 0.228125 0.86875 0.0921875 0.125
3 0.77734375 0.87578125 0.2234375 0.1734375
3 0.7609375 0.709375 0.05 0.053125
3 0.196875 0.459375 0.078125 0.0828125
3 0.903125 0.49140625 0.090625 0.1046875
3 0.3 0.8125 0.1078125 0.0765625
3 0.9828125 0.4546875 0.034375 0.090625
3 0.69921875 0.409375 0.0671875 0.0453125
3 0.72265625 0.190625 0.0640625 0.15
3 0.878125 0.68125 0.125 0.1625
3 0.4546875 0.284375 0.05625 0.0609375
3 0.65546875 0.44453125 0.0640625 0.1
3 0.140625 0.21640625 0.09375 0.0890625
3 0.378125 0.80078125 0.065625 0.0953125
3 0.93984375 0.571875 0.1203125 0.1703125
3 0.66640625 0.634375 0.0640625 0.0859375
3 0.32578125 0.48671875 0.0625 0.05
3 0.2046875 0.5828125 0.075 0.071875