3 0.83203125 0.696875 0.19375 0.196875
3 0.72890625 0.2671875 0.11875 0.115625
3 0.73671875 0.1953125 0.08125 0.090625
3 0.6109375 0.2734375 0.0734375 0.0515625
3 0.51640625 0.70234375 0.090625 0.0984375
3 0.64296875 0.66953125 0.0703125 0.0875
3 0.43125 0.35 0.05 0.0671875
3 0.31328125 0.39375 0.0671875 0.075
3 0.95234375 0.50703125 0.075 0.0875
3 0.51015625 0.284375 0.0640625 0.04375
3 0.64375 0.196875 0.0453125 0.0375
3 0.28671875 0.459375 0.0453125 0.04375
3 0.8484375 0.60390625 0.15625 0.1359375
3 0.13203125 0.33125 0.0625 0.040625
3 0.01484375 0.46171875 0.0296875 0.1046875
3 0.3609375 0.3640625 0.046875 0.0453125
3 0.821875 0.26328125 0.06875 0.0546875
3 0.31953125 0.4796875 0.053125 0.046875
3 0.978125 0.675 0.04375 0.071875
3 0.48671875 0.31328125 0.0328125 0.0421875
3 0.1015625 0.77578125 0.18125 0.3578125
3 0.20859375 0.21171875 0.109375 0.134375
3 0.38515625 0.459375 0.0984375 0.1125
3 0.93046875 0.68515625 0.071875 0.0859375
3 0.06015625 0.55546875 0.1203125 0.1765625
3 0.8234375 0.4109375 0.08125 0.0765625
3 0.46953125 0.5734375 0.140625 0.1734375
3 0.65625 0.27421875 0.040625 0.0234375
3 0.26640625 0.59765625 0.0421875 0.059375
3 0.20625 0.640625 0.046875 0.0390625
3 0.48984375 0.428125 0.09375 0.0953125
3 0.2140625 0.5765625 0.028125 0.0359375
3 0.959375 0.73203125 0.08125 0.0859375
3 0.73203125 0.56171875 0.0703125 0.1078125
3 0.95703125 0.41953125 0.0703125 0.0578125
3 0.6265625 0.78203125 0.2484375 0.19375
3 0.54375 0.56796875 0.075 0.078125
3 0.65703125 0.31328125 0.0640625 0.0546875
3 0.20625 0.40546875 0.0484375 0.0515625
3 0.17734375 0.55 0.0734375 0.075
3 0.1640625 0.409375 0.05 0.0421875
3 0.065625 0.30390625 0.096875 0.0984375
3 0.2703125 0.64140625 0.04375 0.0484375
3 0.365625 0.609375 0.1328125 0.1046875
3 0.18046875 0.890625 0.2734375 0.21875
3 0.3734375 0.7015625 0.0703125 0.08125
3 0.8234375 0.06171875 0.0328125 0.0421875
3 0.7046875 0.10390625 0.053125 0.0671875
3 0.65859375 0.48671875 0.1546875 0.134375
3 0.06796875 0.4234375 0.0703125 0.05625
3 0.7734375 0.4484375 0.046875 0.0546875
3 0.75703125 0.1453125 0.0390625 0.0453125
3 0.47265625 0.634375 0.121875 0.109375
3 0.01953125 0.30859375 0.0390625 0.1296875
3 0.6671875 0.5625 0.0765625 0.0625
3 0.31640625 0.32421875 0.090625 0.090625
3 0.17734375 0.3421875 0.0484375 0.0359375
3 0.846875 0.45703125 0.109375 0.0859375
3 0.7765625 0.0671875 0.0359375 0.0453125
3 0.109375 0.46640625 0.1140625 0.090625
3 0.8125 0.3046875 0.0796875 0.0640625
3 0.1421875 0.60703125 0.0625 0.0640625
3 0.13984375 0.4296875 0.0484375 0.0421875
3 0.2875 0.496875 0.0484375 0.0421875
3 0.6828125 0.6203125 0.0859375 0.0875
3 0.85078125 0.52265625 0.078125 0.065625
3 0.91875 0.79296875 0.0984375 0.128125
3 0.6796875 0.35 0.053125 0.0578125
3 0.56875 0.6140625 0.06875 0.059375
3 0.35234375 0.83515625 0.1640625 0.20625
3 0.55234375 0.36328125 0.1171875 0.1125