3 0.79375 0.7421875 0.16875 0.171875
3 0.75234375 0.309375 0.1046875 0.1
3 0.76875 0.23984375 0.0703125 0.0796875
3 0.6359375 0.29921875 0.0671875 0.0421875
3 0.48515625 0.70390625 0.078125 0.0859375
3 0.61328125 0.6890625 0.059375 0.078125
3 0.45078125 0.34921875 0.040625 0.0609375
3 0.32890625 0.37578125 0.0578125 0.0671875
3 0.93671875 0.5734375 0.0640625 0.078125
3 0.5359375 0.2953125 0.059375 0.034375
3 0.678125 0.22890625 0.040625 0.03125
3 0.29453125 0.4359375 0.0390625 0.0375
3 0.821875 0.65390625 0.1390625 0.115625
3 0.16171875 0.28984375 0.0578125 0.03125
3 0.01875 0.40234375 0.0375 0.1
3 0.3796875 0.353125 0.040625 0.0390625
3 0.84296875 0.31796875 0.0625 0.0453125
3 0.32421875 0.46015625 0.046875 0.040625
3 0.95390625 0.74296875 0.0640625 0.0625
3 0.509375 0.32109375 0.0265625 0.0375
3 0.06875 0.72109375 0.1375 0.3375
3 0.25234375 0.184375 0.0921875 0.1203125
3 0.390625 0.44921875 0.0828125 0.1
3 0.89140625 0.74375 0.0609375 0.0765625
3 0.0578125 0.49765625 0.103125 0.1609375
3 0.82421875 0.4625 0.071875 0.065625
3 0.45703125 0.57265625 0.11875 0.15625
3 0.6796875 0.30625 0.0375 0.01875
3 0.25625 0.56796875 0.034375 0.0546875
3 0.19140625 0.6015625 0.0421875 0.0328125
3 0.496875 0.4328125 0.08125 0.0828125
3 0.2078125 0.53984375 0.0234375 0.0328125
3 0.9296875 0.79609375 0.103125 0.071875
3 0.01484375 0.125 0.0296875 0.0421875
3 0.71484375 0.596875 0.05625 0.1
3 0.95390625 0.48828125 0.0640625 0.0484375
3 0.58125 0.796875 0.2234375 0.1609375
3 0.5296875 0.57734375 0.065625 0.06875
3 0.675 0.34375 0.0578125 0.046875
3 0.2234375 0.37265625 0.0421875 0.0453125
3 0.17578125 0.509375 0.0640625 0.065625
3 0.18125 0.3703125 0.0453125 0.0359375
3 0.1 0.25390625 0.084375 0.0859375
3 0.25390625 0.6109375 0.0375 0.0421875
3 0.35078125 0.59296875 0.1203125 0.0875
3 0.12890625 0.875 0.2375 0.25
3 0.34609375 0.68359375 0.059375 0.0734375
3 0.871875 0.121875 0.0265625 0.0375
3 0.028125 0.15703125 0.05625 0.03125
3 0.75078125 0.14609375 0.04375 0.0609375
3 0.653125 0.51328125 0.1375 0.1140625
3 0.0859375 0.37109375 0.0640625 0.046875
3 0.7703125 0.49140625 0.0390625 0.0484375
3 0.79609375 0.19375 0.0328125 0.040625
3 0.4515625 0.63125 0.1078125 0.09375
3 0.0328125 0.24921875 0.065625 0.1203125
3 0.6515625 0.58828125 0.06875 0.053125
3 0.3421875 0.30859375 0.078125 0.078125
3 0.20390625 0.30625 0.04375 0.0296875
3 0.840625 0.51015625 0.0984375 0.071875
3 0.82578125 0.12109375 0.0296875 0.040625
3 0.12109375 0.41875 0.103125 0.075
3 0.828125 0.35703125 0.071875 0.053125
3 0.1328125 0.56015625 0.0546875 0.05625
3 0.15546875 0.38671875 0.0421875 0.0359375
3 0.28984375 0.47265625 0.0421875 0.0359375
3 0.65859375 0.646875 0.075 0.0765625
3 0.8359375 0.575 0.0703125 0.05625
3 0.865625 0.84765625 0.08125 0.115625
3 0.6921875 0.3828125 0.0453125 0.0515625
3 0.5484375 0.62578125 0.0609375 0.05
3 0.30703125 0.8109375 0.1375 0.1859375
3 0.5671875 0.37890625 0.103125 0.096875