3 0.8625 0.70703125 0.203125 0.20625
3 0.75546875 0.25703125 0.125 0.1203125
3 0.7625 0.18203125 0.0859375 0.09375
3 0.63125 0.26484375 0.0765625 0.0546875
3 0.53203125 0.7125 0.0953125 0.1015625
3 0.665625 0.678125 0.0734375 0.090625
3 0.44375 0.34453125 0.0515625 0.0703125
3 0.31953125 0.390625 0.0703125 0.0796875
3 0.97421875 0.51015625 0.0515625 0.0890625
3 0.525 0.275 0.0671875 0.0453125
3 0.665625 0.184375 0.046875 0.0390625
3 0.2921875 0.45859375 0.046875 0.0453125
3 0.87890625 0.61015625 0.1640625 0.1421875
3 0.13046875 0.325 0.065625 0.0421875
3 0.01171875 0.4625 0.0234375 0.109375
3 0.36953125 0.35859375 0.0484375 0.046875
3 0.8515625 0.253125 0.071875 0.0578125
3 0.3265625 0.48046875 0.05625 0.05
3 0.9953125 0.68515625 0.009375 0.0703125
3 0.50078125 0.30546875 0.0328125 0.04375
3 0.103125 0.790625 0.18125 0.3734375
3 0.21015625 0.2 0.1140625 0.140625
3 0.3953125 0.45859375 0.1015625 0.1171875
3 0.9640625 0.69453125 0.071875 0.0890625
3 0.059375 0.5578125 0.11875 0.184375
3 0.85390625 0.40859375 0.0859375 0.0796875
3 0.48359375 0.57890625 0.1484375 0.1828125
3 0.678125 0.26484375 0.0421875 0.025
3 0.271875 0.603125 0.04375 0.0625
3 0.2078125 0.6484375 0.0484375 0.040625
3 0.5046875 0.425 0.0984375 0.1
3 0.21640625 0.58125 0.0296875 0.0390625
3 0.97734375 0.7453125 0.0453125 0.0875
3 0.75859375 0.56640625 0.075 0.1140625
3 0.97578125 0.41796875 0.040625 0.05625
3 0.64765625 0.79609375 0.259375 0.203125
3 0.5609375 0.57265625 0.0796875 0.0828125
3 0.6796875 0.30546875 0.06875 0.0578125
3 0.2078125 0.403125 0.0515625 0.0546875
3 0.178125 0.55390625 0.0765625 0.078125
3 0.16328125 0.40625 0.053125 0.0453125
3 0.06015625 0.29609375 0.1015625 0.103125
3 0.27578125 0.64921875 0.0453125 0.05
3 0.37421875 0.615625 0.1390625 0.109375
3 0.18125 0.89765625 0.278125 0.2046875
3 0.3828125 0.71171875 0.0734375 0.0859375
3 0.853125 0.0421875 0.0328125 0.04375
3 0.7296875 0.0859375 0.0546875 0.0703125
3 0.68125 0.4875 0.1609375 0.140625
3 0.0625 0.42109375 0.075 0.059375
3 0.80078125 0.446875 0.0484375 0.05625
3 0.784375 0.1296875 0.040625 0.046875
3 0.4859375 0.640625 0.128125 0.115625
3 0.015625 0.3 0.03125 0.134375
3 0.690625 0.56640625 0.08125 0.065625
3 0.3234375 0.3171875 0.09375 0.09375
3 0.17734375 0.33515625 0.05 0.0375
3 0.878125 0.45625 0.1140625 0.090625
3 0.8046875 0.0484375 0.0375 0.046875
3 0.10703125 0.46640625 0.11875 0.09375
3 0.8421875 0.296875 0.084375 0.065625
3 0.140625 0.61328125 0.065625 0.0671875
3 0.1390625 0.42734375 0.05 0.04375
3 0.2921875 0.4984375 0.05 0.04375
3 0.70625 0.62734375 0.090625 0.0921875
3 0.8828125 0.525 0.0828125 0.0703125
3 0.95078125 0.80703125 0.0984375 0.1328125
3 0.703125 0.34375 0.05625 0.0609375
3 0.5875 0.62109375 0.071875 0.0609375
3 0.3609375 0.8515625 0.171875 0.215625
3 0.57109375 0.35859375 0.1234375 0.1171875