0 0.446875 0.81171875 0.1671875 0.2265625
0 0.17734375 0.6625 0.1921875 0.0953125
0 0.771875 0.253125 0.1125 0.059375
3 0.61875 0.79921875 0.0765625 0.0953125
3 0.08515625 0.95234375 0.1109375 0.0953125
3 0.85546875 0.7765625 0.0890625 0.1375
3 0.78515625 0.615625 0.08125 0.115625
3 0.0421875 0.7 0.06875 0.0875
3 0.1734375 0.79921875 0.1046875 0.1078125
3 0.24921875 0.790625 0.0625 0.1140625
3 0.28046875 0.88125 0.09375 0.128125
3 0.23203125 0.95078125 0.1234375 0.0984375
3 0.61640625 0.45546875 0.1296875 0.0921875
0 0.10078125 0.375 0.190625 0.134375