0 0.43203125 0.80625 0.1546875 0.21640625
0 0.17265625 0.64453125 0.1875 0.08515625
0 0.78359375 0.26875 0.10859375 0.05390625
3 0.60390625 0.803125 0.071875 0.090625
3 0.06484375 0.9328125 0.10546875 0.10078125
3 0.8390625 0.79296875 0.08125 0.1328125
3 0.778125 0.6296875 0.075 0.11171875
3 0.034375 0.675 0.06796875 0.08359375
3 0.16171875 0.78046875 0.0984375 0.1015625
3 0.23671875 0.77578125 0.05546875 0.11015625
3 0.26328125 0.8671875 0.0859375 0.1234375
3 0.21328125 0.94453125 0.11796875 0.1109375
3 0.61875 0.46171875 0.125 0.08515625
0 0.1109375 0.3546875 0.184375 0.1234375