0 0.49140625 0.8453125 0.2046875 0.253125
0 0.19296875 0.73671875 0.209375 0.1265625
0 0.7328125 0.2234375 0.121875 0.078125
3 0.665625 0.8046875 0.09375 0.1078125
3 0.90234375 0.74375 0.1109375 0.153125
3 0.80546875 0.590625 0.1 0.1296875
3 0.071875 0.79375 0.0578125 0.09375
3 0.2109375 0.8765625 0.121875 0.125
3 0.2859375 0.85703125 0.0796875 0.125
3 0.33203125 0.9359375 0.1140625 0.128125
3 0.29296875 0.98125 0.1359375 0.0375
3 0.60703125 0.4546875 0.1453125 0.1140625
0 0.08671875 0.4546875 0.1734375 0.1625