3 0.69453125 0.83046875 0.1609375 0.3390625
3 0.778125 0.1609375 0.1359375 0.153125
3 0.91796875 0.23984375 0.128125 0.15
3 0.0140625 0.7734375 0.028125 0.040625
3 0.7859375 0.95859375 0.053125 0.0828125
3 0.084375 0.77421875 0.0890625 0.071875
3 0.05859375 0.56328125 0.1171875 0.2046875
3 0.121875 0.88125 0.24375 0.209375
3 0.0609375 0.82890625 0.0609375 0.096875
3 0.06171875 0.703125 0.0875 0.13125
3 0.70078125 0.13984375 0.13125 0.1328125
3 0.31015625 0.06953125 0.0828125 0.1390625
3 0.2703125 0.171875 0.0625 0.10625
3 0.5015625 0.01015625 0.03125 0.0203125
3 0.7609375 0.3640625 0.240625 0.2828125
3 0.37265625 0.078125 0.1125 0.1046875
3 0.73515625 0.5765625 0.1765625 0.346875
3 0.17890625 0.20234375 0.1640625 0.26875
3 0.70390625 0.04921875 0.0421875 0.0796875
3 0.2640625 0.31484375 0.2234375 0.19375
3 0.015625 0.83671875 0.03125 0.0921875
3 0.021875 0.66796875 0.04375 0.0640625
3 0.42421875 0.559375 0.515625 0.7828125
3 0.096875 0.134375 0.153125 0.26875
3 0.48515625 0.04765625 0.05625 0.0703125
3 0.12734375 0.55234375 0.0390625 0.065625
3 0.58671875 0.93046875 0.1234375 0.1390625
3 0.1546875 0.7390625 0.0671875 0.084375
3 0.1078125 0.72578125 0.0390625 0.05
3 0.884375 0.9765625 0.065625 0.046875
3 0.89609375 0.61015625 0.2078125 0.6796875
3 0.42109375 0.22578125 0.046875 0.0625
3 0.16328125 0.47578125 0.09375 0.096875
3 0.48515625 0.1171875 0.059375 0.084375
3 0.1359375 0.38515625 0.078125 0.0859375