3 0.71171875 0.82265625 0.1375 0.340625
3 0.75546875 0.16640625 0.121875 0.1390625
3 0.89296875 0.234375 0.115625 0.1375
3 0.053125 0.7890625 0.0375 0.0375
3 0.80234375 0.92578125 0.046875 0.0765625
3 0.12578125 0.784375 0.08125 0.0640625
3 0.07421875 0.58671875 0.1359375 0.1890625
3 0.1390625 0.896875 0.278125 0.20625
3 0.10625 0.83828125 0.053125 0.0890625
3 0.10078125 0.71796875 0.0765625 0.1203125
3 0.68125 0.15 0.11875 0.1203125
3 0.30625 0.09296875 0.071875 0.153125
3 0.27265625 0.20234375 0.0546875 0.0984375
3 0.484375 0.0234375 0.028125 0.046875
3 0.74921875 0.3609375 0.215625 0.259375
3 0.365625 0.1078125 0.103125 0.09375
3 0.7359375 0.5640625 0.1515625 0.3234375
3 0.1875 0.2359375 0.14375 0.2484375
3 0.67890625 0.059375 0.0359375 0.084375
3 0.27421875 0.33828125 0.2046875 0.1734375
3 0.04921875 0.85078125 0.0578125 0.084375
3 0.05234375 0.68671875 0.0578125 0.0578125
3 0.43828125 0.56328125 0.453125 0.7234375
3 0.10625 0.175 0.1328125 0.253125
3 0.47109375 0.0734375 0.05 0.0640625
3 0.15546875 0.571875 0.034375 0.0609375
3 0.6125 0.91171875 0.1109375 0.134375
3 0.19140625 0.7484375 0.059375 0.0765625
3 0.14609375 0.7375 0.034375 0.0453125
3 0.89921875 0.95 0.059375 0.065625
3 0.9046875 0.58828125 0.190625 0.6390625
3 0.41953125 0.24609375 0.040625 0.0578125
3 0.1859375 0.496875 0.084375 0.0875
3 0.47421875 0.13984375 0.053125 0.078125
3 0.15546875 0.4125 0.0703125 0.078125