3 0.7703125 0.78515625 0.1875 0.371875
3 0.73203125 0.09609375 0.1453125 0.1609375
3 0.88359375 0.14921875 0.1375 0.1578125
3 0.08046875 0.834375 0.04375 0.04375
3 0.878125 0.88046875 0.059375 0.0859375
3 0.15546875 0.8203125 0.0921875 0.0765625
3 0.0796875 0.6203125 0.159375 0.2140625
3 0.18984375 0.9046875 0.3015625 0.190625
3 0.1421875 0.878125 0.0671875 0.1
3 0.12109375 0.75390625 0.0953125 0.1359375
3 0.65234375 0.08828125 0.1390625 0.140625
3 0.25625 0.09140625 0.090625 0.1375
3 0.23359375 0.1953125 0.06875 0.109375
3 0.75 0.29921875 0.2578125 0.296875
3 0.31796875 0.084375 0.11875 0.1109375
3 0.7625 0.5125 0.2 0.35625
3 0.14921875 0.240625 0.18125 0.278125
3 0.640625 0.0203125 0.04375 0.040625
3 0.25234375 0.3359375 0.2359375 0.20625
3 0.08359375 0.89921875 0.071875 0.0953125
3 0.06640625 0.72734375 0.0671875 0.0671875
3 0.45234375 0.55 0.5640625 0.8109375
3 0.07109375 0.1875 0.1421875 0.28125
3 0.4234375 0.0375 0.059375 0.06875
3 0.159375 0.59453125 0.04375 0.0671875
3 0.67890625 0.890625 0.1328125 0.153125
3 0.21875 0.7734375 0.071875 0.0875
3 0.1703125 0.76875 0.0421875 0.0515625
3 0.9734375 0.89296875 0.053125 0.0765625
3 0.90078125 0.51796875 0.1984375 0.6859375
3 0.39296875 0.221875 0.05 0.065625
3 0.18125 0.5125 0.0984375 0.1015625
3 0.4359375 0.10390625 0.065625 0.0875
3 0.13828125 0.42890625 0.0828125 0.090625