1 0.4484375 0.475 0.265625 0.421875
3 0.415625 0.8953125 0.03671875 0.04765625
3 0.41328125 0.49765625 0.0453125 0.075
3 0.4296875 0.5609375 0.0484375 0.06328125
3 0.49296875 0.415625 0.0375 0.04375
3 0.3765625 0.6984375 0.02734375 0.04921875
3 0.41015625 0.6671875 0.03046875 0.0265625
3 0.38828125 0.62890625 0.02578125 0.040625
3 0.4140625 0.62890625 0.03359375 0.04375
3 0.43203125 0.4359375 0.04765625 0.0578125
3 0.4859375 0.62265625 0.02578125 0.05078125
3 0.5390625 0.6 0.03671875 0.03671875
3 0.47890625 0.51328125 0.02265625 0.04296875
3 0.546875 0.6359375 0.025 0.03046875
3 0.46484375 0.5375 0.021875 0.03828125
3 0.2546875 0.8515625 0.03359375 0.04921875
3 0.47890625 0.55078125 0.03203125 0.03671875
3 0.54453125 0.56015625 0.0296875 0.034375