1 0.4546875 0.46484375 0.346875 0.4671875
3 0.33515625 0.86875 0.0453125 0.0546875
3 0.415625 0.4796875 0.059375 0.0828125
3 0.41875 0.5453125 0.0609375 0.071875
3 0.5109375 0.415625 0.0453125 0.05
3 0.33828125 0.66875 0.0375 0.053125
3 0.37734375 0.64453125 0.0359375 0.0328125
3 0.3640625 0.603125 0.034375 0.0453125
3 0.3890625 0.60859375 0.0421875 0.05
3 0.446875 0.4234375 0.059375 0.0671875
3 0.4609375 0.6171875 0.0359375 0.0546875
3 0.5171875 0.60625 0.04375 0.04375
3 0.4765625 0.50859375 0.03125 0.046875
3 0.51796875 0.64296875 0.03125 0.034375
3 0.4578125 0.5296875 0.0296875 0.0421875
3 0.18671875 0.79296875 0.04375 0.0546875
3 0.46875 0.5453125 0.0390625 0.0421875
3 0.53125 0.56796875 0.0359375 0.0390625