1 0.440625 0.47578125 0.3171875 0.465625
3 0.44453125 0.9171875 0.0421875 0.053125
3 0.40546875 0.503125 0.0546875 0.0828125
3 0.42890625 0.5671875 0.05625 0.0703125
3 0.48203125 0.41015625 0.0421875 0.05
3 0.38515625 0.715625 0.0328125 0.053125
3 0.41875 0.6796875 0.034375 0.03125
3 0.39140625 0.6421875 0.0296875 0.0453125
3 0.41875 0.63984375 0.0390625 0.0484375
3 0.41875 0.4359375 0.0546875 0.065625
3 0.49296875 0.62578125 0.03125 0.0546875
3 0.54609375 0.59765625 0.0421875 0.0421875
3 0.47578125 0.5125 0.0265625 0.046875
3 0.5578125 0.634375 0.028125 0.034375
3 0.46328125 0.5390625 0.0265625 0.0421875
3 0.271875 0.88671875 0.0390625 0.0546875
3 0.47890625 0.55234375 0.0375 0.040625
3 0.5484375 0.55546875 0.034375 0.0390625