3 0.43515625 0.909375 0.3953125 0.18125
3 0.42109375 0.16328125 0.1421875 0.1671875
3 0.64453125 0.4359375 0.171875 0.1921875
3 0.2625 0.74453125 0.5125 0.5109375
3 0.109375 0.375 0.21875 0.2375
3 0.584375 0.80703125 0.1453125 0.178125
3 0.8125 0.47109375 0.3609375 0.328125
3 0.7546875 0.0671875 0.15625 0.134375
3 0.80078125 0.1421875 0.246875 0.1671875
3 0.0921875 0.20390625 0.184375 0.2546875
3 0.63984375 0.57265625 0.0859375 0.1
3 0.55234375 0.2828125 0.396875 0.2921875
3 0.55234375 0.1265625 0.1546875 0.13125
3 0.05078125 0.51875 0.1015625 0.14375
3 0.75234375 0.20703125 0.0828125 0.0859375
3 0.56953125 0.57265625 0.0921875 0.109375
3 0.78515625 0.26484375 0.2171875 0.14375
3 0.2640625 0.5 0.384375 0.2703125
3 0.75234375 0.7703125 0.271875 0.2203125
3 0.9015625 0.64609375 0.196875 0.3171875
3 0.440625 0.66328125 0.265625 0.271875