3 0.3265625 0.91328125 0.3515625 0.1734375
3 0.49375 0.175 0.10625 0.1390625
3 0.6390625 0.48125 0.13125 0.1578125
3 0.19765625 0.71875 0.3953125 0.4859375
3 0.12109375 0.29296875 0.2421875 0.1765625
3 0.496875 0.81484375 0.1078125 0.15
3 0.7875 0.55390625 0.2953125 0.2515625
3 0.83046875 0.15234375 0.1234375 0.128125
3 0.853125 0.24375 0.2171875 0.1109375
3 0.171875 0.1328125 0.1453125 0.221875
3 0.60234375 0.60859375 0.0640625 0.0828125
3 0.58828125 0.3171875 0.3421875 0.2046875
3 0.625 0.171875 0.1296875 0.0984375
3 0.053125 0.41875 0.1015625 0.11875
3 0.79296875 0.29296875 0.065625 0.06875
3 0.5375 0.5921875 0.06875 0.090625
3 0.81015625 0.3546875 0.1921875 0.09375
3 0.26875 0.453125 0.3359375 0.184375
3 0.66171875 0.81875 0.2296875 0.1609375
3 0.87734375 0.746875 0.2296875 0.2625
3 0.39609375 0.64609375 0.209375 0.2171875