3 0.33984375 0.91015625 0.3953125 0.1796875
3 0.453125 0.11796875 0.128125 0.1609375
3 0.63828125 0.43515625 0.15625 0.1828125
3 0.21015625 0.72578125 0.4203125 0.5484375
3 0.1 0.278125 0.2 0.209375
3 0.5171875 0.809375 0.13125 0.171875
3 0.80625 0.5 0.3421875 0.3
3 0.81484375 0.06796875 0.1453125 0.1359375
3 0.8484375 0.15859375 0.2453125 0.140625
3 0.103125 0.128125 0.1734375 0.2015625
3 0.6109375 0.5765625 0.0765625 0.0953125
3 0.56875 0.2625 0.3890625 0.253125
3 0.59453125 0.10234375 0.15 0.11875
3 0.0296875 0.4203125 0.059375 0.134375
3 0.7875 0.2171875 0.0765625 0.0796875
3 0.5390625 0.56484375 0.0828125 0.1046875
3 0.81171875 0.28203125 0.2171875 0.11875
3 0.2359375 0.43984375 0.3796875 0.23125
3 0.6953125 0.79765625 0.2640625 0.1953125
3 0.8921875 0.7 0.215625 0.303125
3 0.3921875 0.63671875 0.246875 0.2546875