3 0.89453125 0.60546875 0.103125 0.0890625
3 0.3 0.21875 0.075 0.05625
3 0.58359375 0.11171875 0.0484375 0.040625
3 0.6359375 0.72265625 0.1703125 0.2109375
3 0.29921875 0.44765625 0.0921875 0.084375
3 0.67265625 0.42421875 0.0984375 0.10625
3 0.6796875 0.24375 0.1390625 0.125
3 0.5609375 0.37265625 0.128125 0.1265625
3 0.5015625 0.1984375 0.04375 0.0515625
3 0.7984375 0.3921875 0.1484375 0.1171875
3 0.4484375 0.7875 0.1265625 0.109375
3 0.59453125 0.57890625 0.084375 0.065625
3 0.07265625 0.13203125 0.10625 0.175
3 0.23515625 0.7765625 0.140625 0.175
3 0.32890625 0.39921875 0.0765625 0.0484375
3 0.07734375 0.47265625 0.0625 0.0765625
3 0.82421875 0.29296875 0.0796875 0.10625
3 0.8921875 0.28828125 0.0640625 0.08125
3 0.51015625 0.48828125 0.0734375 0.0921875
3 0.85625 0.17578125 0.0671875 0.0765625
3 0.53359375 0.16484375 0.04375 0.040625
3 0.665625 0.1421875 0.0890625 0.078125
3 0.1734375 0.48984375 0.1921875 0.1859375
3 0.0421875 0.9125 0.084375 0.115625
3 0.1640625 0.1625 0.0734375 0.075
3 0.08359375 0.63046875 0.1203125 0.1140625
3 0.465625 0.03671875 0.09375 0.0734375
3 0.11953125 0.74375 0.14375 0.1890625
3 0.66875 0.5234375 0.0625 0.05625
3 0.590625 0.17265625 0.0625 0.05625
3 0.31015625 0.3078125 0.0484375 0.0421875
3 0.97265625 0.5484375 0.0546875 0.09375
3 0.3328125 0.2515625 0.0375 0.0359375
3 0.490625 0.60546875 0.075 0.0734375
3 0.96875 0.43984375 0.0625 0.0921875
3 0.9625 0.08984375 0.075 0.1015625
3 0.9359375 0.553125 0.065625 0.0921875
3 0.2296875 0.6296875 0.078125 0.1125
3 0.34765625 0.00703125 0.0859375 0.0140625
3 0.77265625 0.02734375 0.034375 0.0203125
3 0.5953125 0.89453125 0.221875 0.1703125
3 0.475 0.97734375 0.096875 0.0453125
3 0.278125 0.0609375 0.0515625 0.04375
3 0.66640625 0.9640625 0.1390625 0.071875
3 0.18359375 0.2734375 0.0859375 0.0984375
3 0.32421875 0.9546875 0.1203125 0.0765625
3 0.39296875 0.0390625 0.0828125 0.078125
3 0.5375 0.284375 0.09375 0.109375
3 0.3859375 0.68203125 0.1078125 0.1234375
3 0.41484375 0.1375 0.0640625 0.0453125
3 0.940625 0.15390625 0.0734375 0.0421875
3 0.128125 0.38671875 0.096875 0.059375
3 0.0390625 0.7328125 0.078125 0.275
3 0.45 0.240625 0.0828125 0.0796875
3 0.521875 0.71796875 0.109375 0.1640625
3 0.63984375 0.54296875 0.0734375 0.071875
3 0.98515625 0.1640625 0.0296875 0.09375
3 0.8375 0.9421875 0.265625 0.115625
3 0.37578125 0.36796875 0.0765625 0.059375
3 0.75 0.61875 0.075 0.0515625
3 0.153125 0.85078125 0.0859375 0.128125
3 0.94921875 0.328125 0.096875 0.090625
3 0.26640625 0.52734375 0.134375 0.1078125
3 0.37578125 0.42734375 0.065625 0.0953125
3 0.39765625 0.190625 0.0359375 0.05625
3 0.23203125 0.89140625 0.0859375 0.09375
3 0.91015625 0.44453125 0.0453125 0.0609375
3 0.903125 0.18125 0.04375 0.046875
3 0.0859375 0.23359375 0.1125 0.1015625
3 0.74609375 0.68046875 0.065625 0.0734375
3 0.928125 0.93671875 0.09375 0.1265625
3 0.8828125 0.84921875 0.1078125 0.134375
3 0.38359375 0.2625 0.06875 0.0640625
3 0.44609375 0.07578125 0.0640625 0.0609375
3 0.7890625 0.23359375 0.05625 0.0640625
3 0.36328125 0.56875 0.2078125 0.2109375
3 0.63671875 0.303125 0.0953125 0.046875
3 0.4375 0.18203125 0.0453125 0.0515625
3 0.91953125 0.71171875 0.1390625 0.1125
3 0.37265625 0.209375 0.04375 0.0625
3 0.8375 0.06484375 0.0984375 0.090625
3 0.47578125 0.28828125 0.05 0.040625
3 0.59453125 0.4859375 0.053125 0.0546875
3 0.22734375 0.225 0.04375 0.0546875
3 0.784375 0.8203125 0.1578125 0.165625
3 0.234375 0.15 0.084375 0.065625
3 0.34140625 0.15 0.0421875 0.0421875
3 0.96171875 0.8328125 0.040625 0.1234375
3 0.0796875 0.028125 0.1 0.05625
3 0.56953125 0.53046875 0.0671875 0.0625
3 0.90703125 0.1046875 0.053125 0.0375
3 0.02109375 0.378125 0.0296875 0.034375
3 0.734375 0.16328125 0.05625 0.0359375
3 0.7921875 0.646875 0.0671875 0.0875
3 0.453125 0.34921875 0.090625 0.09375
3 0.44453125 0.39765625 0.0734375 0.0765625
3 0.91171875 0.378125 0.059375 0.0421875
3 0.55234375 0.12421875 0.0421875 0.0421875
3 0.434375 0.43515625 0.071875 0.0609375
3 0.946875 0.1828125 0.0546875 0.05625
3 0.9515625 0.246875 0.05625 0.08125
3 0.1109375 0.43671875 0.0640625 0.0703125
3 0.81640625 0.540625 0.146875 0.16875
3 0.6546875 0.35625 0.0859375 0.0875
3 0.68984375 0.07578125 0.0703125 0.0703125
3 0.23359375 0.38046875 0.084375 0.0640625
3 0.99140625 0.221875 0.0171875 0.103125
3 0.59375 0.26484375 0.065625 0.0734375