3 0.85234375 0.59296875 0.0890625 0.0765625
3 0.28125 0.2765625 0.065625 0.046875
3 0.534375 0.159375 0.0421875 0.034375
3 0.621875 0.71796875 0.14375 0.184375
3 0.9140625 0.046875 0.0296875 0.0390625
3 0.29453125 0.48671875 0.0796875 0.071875
3 0.63671875 0.44140625 0.084375 0.0921875
3 0.63203125 0.275 0.121875 0.10625
3 0.53046875 0.40078125 0.1109375 0.109375
3 0.46484375 0.24453125 0.0375 0.0453125
3 0.53515625 0.03828125 0.046875 0.0390625
3 0.75 0.40390625 0.1296875 0.0984375
3 0.909375 0.01328125 0.0484375 0.0265625
3 0.45390625 0.78984375 0.1109375 0.09375
3 0.575 0.58828125 0.0734375 0.05625
3 0.0546875 0.2109375 0.109375 0.15625
3 0.25703125 0.79375 0.11875 0.153125
3 0.31953125 0.440625 0.06875 0.040625
3 0.0921875 0.52421875 0.053125 0.0671875
3 0.76796875 0.3109375 0.0671875 0.09375
3 0.8296875 0.30234375 0.0546875 0.0703125
3 0.49140625 0.51015625 0.0625 0.08125
3 0.78984375 0.20078125 0.0578125 0.0671875
3 0.4921875 0.21171875 0.0375 0.034375
3 0.6125 0.18203125 0.078125 0.0671875
3 0.18203125 0.53359375 0.1671875 0.1609375
3 0.0859375 0.9328125 0.075 0.1015625
3 0.15234375 0.2328125 0.0625 0.065625
3 0.10859375 0.66875 0.1046875 0.0984375
3 0.421875 0.07265625 0.08125 0.115625
3 0.1484375 0.7703125 0.121875 0.165625
3 0.63984375 0.5328125 0.0546875 0.0484375
3 0.54453125 0.21484375 0.0546875 0.0484375
3 0.2953125 0.3578125 0.0421875 0.0359375
3 0.92890625 0.5375 0.0578125 0.0828125
3 0.3125 0.3046875 0.0328125 0.03125
3 0.48046875 0.61953125 0.065625 0.0625
3 0.9296875 0.43671875 0.0890625 0.08125
3 0.88828125 0.1140625 0.075 0.0890625
3 0.88671875 0.54296875 0.0546875 0.08125
3 0.2421875 0.65859375 0.065625 0.0984375
3 0.3109375 0.05703125 0.078125 0.0515625
3 0.703125 0.06484375 0.03125 0.0265625
3 0.59609375 0.878125 0.1953125 0.14375
3 0.490625 0.97265625 0.0875 0.0546875
3 0.25 0.13203125 0.0453125 0.0375
3 0.6671875 0.95 0.1234375 0.0796875
3 0.17734375 0.33359375 0.0734375 0.0859375
3 0.35078125 0.95625 0.10625 0.071875
3 0.35546875 0.0859375 0.0703125 0.1078125
3 0.50390625 0.32109375 0.0796875 0.0953125
3 0.38984375 0.696875 0.0921875 0.1078125
3 0.38125 0.19453125 0.05625 0.0375
3 0.865625 0.17578125 0.065625 0.034375
3 0.13359375 0.4421875 0.0859375 0.0484375
3 0.05078125 0.76875 0.1015625 0.2484375
3 0.4203125 0.28671875 0.071875 0.06875
3 0.51640625 0.7203125 0.090625 0.1453125
3 0.6140625 0.55234375 0.0640625 0.0609375
3 0.93046875 0.1828125 0.0671875 0.0828125
3 0.8234375 0.93125 0.2375 0.1375
3 0.36015625 0.4078125 0.0671875 0.05
3 0.7203125 0.61484375 0.0671875 0.0421875
3 0.1859375 0.8671875 0.071875 0.1140625
3 0.884375 0.334375 0.084375 0.078125
3 0.26953125 0.5625 0.1171875 0.090625
3 0.3640625 0.4625 0.0546875 0.084375
3 0.36875 0.24375 0.0296875 0.05
3 0.26171875 0.89921875 0.0734375 0.08125
3 0.85625 0.44453125 0.0375 0.053125
3 0.8328125 0.203125 0.0375 0.040625
3 0.946875 0.12265625 0.059375 0.040625
3 0.2453125 0.04296875 0.0515625 0.040625
3 0.08515625 0.30390625 0.096875 0.0875
3 0.7203125 0.671875 0.05625 0.0640625
3 0.98359375 0.528125 0.0328125 0.0953125
3 0.9328125 0.90078125 0.134375 0.1203125
3 0.85703125 0.81875 0.090625 0.1171875
3 0.36015625 0.3109375 0.059375 0.0546875
3 0.40546875 0.13515625 0.05625 0.0515625
3 0.73125 0.25859375 0.0484375 0.05625
3 0.36171875 0.59375 0.1796875 0.1828125
3 0.978125 0.62421875 0.04375 0.059375
3 0.59609375 0.33203125 0.0859375 0.0375
3 0.4046875 0.23359375 0.0390625 0.0453125
3 0.903125 0.690625 0.1625 0.0953125
3 0.346875 0.2625 0.0359375 0.0546875
3 0.76484375 0.09609375 0.0859375 0.0875
3 0.446875 0.32890625 0.04375 0.034375
3 0.56875 0.503125 0.0453125 0.046875
3 0.97421875 0.390625 0.0515625 0.0625
3 0.2140625 0.28671875 0.0375 0.0484375
3 0.76484375 0.7984375 0.1359375 0.14375
3 0.21640625 0.2171875 0.0734375 0.05625
3 0.3140625 0.21015625 0.0359375 0.0359375
3 0.95703125 0.7984375 0.0859375 0.1125
3 0.0546875 0.0984375 0.109375 0.0828125
3 0.54921875 0.5453125 0.059375 0.053125
3 0.83125 0.13203125 0.046875 0.03125
3 0.0296875 0.4421875 0.0390625 0.0296875
3 0.6765625 0.196875 0.05 0.0296875
3 0.7609375 0.6375 0.05625 0.0765625
3 0.43046875 0.38671875 0.078125 0.08125
3 0.425 0.43125 0.0625 0.0671875
3 0.85390625 0.38359375 0.0515625 0.0359375
3 0.50625 0.1734375 0.0359375 0.0359375
3 0.41796875 0.46640625 0.0625 0.0515625
3 0.8734375 0.2015625 0.046875 0.0484375
3 0.88203125 0.259375 0.046875 0.071875
3 0.12109375 0.4890625 0.0546875 0.0609375
3 0.7765625 0.5390625 0.125 0.146875
3 0.61640625 0.3796875 0.0734375 0.0765625
3 0.63046875 0.11953125 0.0609375 0.0609375
3 0.2296875 0.42890625 0.0734375 0.0546875
3 0.95390625 0.234375 0.08125 0.09375
3 0.55390625 0.29921875 0.05625 0.0640625