3 0.85546875 0.5921875 0.090625 0.078125
3 0.2765625 0.271875 0.065625 0.046875
3 0.53359375 0.153125 0.04375 0.034375
3 0.621875 0.71953125 0.1453125 0.1875
3 0.91796875 0.03984375 0.0296875 0.040625
3 0.290625 0.48515625 0.08125 0.071875
3 0.63671875 0.4390625 0.084375 0.09375
3 0.63203125 0.2703125 0.1234375 0.1078125
3 0.52890625 0.39765625 0.1125 0.1109375
3 0.4625 0.23984375 0.0375 0.046875
3 0.534375 0.03046875 0.046875 0.040625
3 0.7515625 0.40078125 0.13125 0.1
3 0.9125 0.009375 0.05 0.01875
3 0.4515625 0.7921875 0.1125 0.0953125
3 0.57421875 0.5875 0.075 0.05625
3 0.0515625 0.20546875 0.103125 0.159375
3 0.25234375 0.79609375 0.1203125 0.1546875
3 0.315625 0.43828125 0.06875 0.040625
3 0.08515625 0.52265625 0.053125 0.06875
3 0.76953125 0.30703125 0.06875 0.0953125
3 0.83203125 0.2984375 0.05625 0.071875
3 0.48984375 0.50859375 0.0625 0.08125
3 0.7921875 0.1953125 0.059375 0.06875
3 0.490625 0.20625 0.0375 0.034375
3 0.6125 0.1765625 0.078125 0.06875
3 0.1765625 0.5328125 0.16875 0.1625
3 0.07890625 0.93671875 0.075 0.103125
3 0.14609375 0.228125 0.0625 0.065625
3 0.10234375 0.66953125 0.10625 0.1
3 0.41953125 0.065625 0.08125 0.1171875
3 0.1421875 0.771875 0.1234375 0.16875
3 0.63984375 0.53203125 0.05625 0.05
3 0.54375 0.209375 0.05625 0.05
3 0.29140625 0.3546875 0.04375 0.0375
3 0.9328125 0.53671875 0.059375 0.084375
3 0.30859375 0.30078125 0.034375 0.03125
3 0.47890625 0.61953125 0.065625 0.0625
3 0.93359375 0.434375 0.090625 0.08125
3 0.89140625 0.1078125 0.075 0.090625
3 0.88984375 0.5421875 0.05625 0.08125
3 0.2375 0.659375 0.065625 0.1
3 0.30703125 0.05 0.078125 0.053125
3 0.70390625 0.0578125 0.03125 0.0265625
3 0.59609375 0.88125 0.196875 0.1453125
3 0.48828125 0.97421875 0.0890625 0.0515625
3 0.2453125 0.12578125 0.046875 0.0375
3 0.66796875 0.95390625 0.125 0.08125
3 0.171875 0.3296875 0.075 0.0875
3 0.34765625 0.96015625 0.1078125 0.071875
3 0.35234375 0.07890625 0.071875 0.109375
3 0.50234375 0.3171875 0.08125 0.096875
3 0.38671875 0.69765625 0.09375 0.109375
3 0.378125 0.1890625 0.05625 0.0375
3 0.86875 0.1703125 0.065625 0.034375
3 0.12734375 0.43984375 0.0875 0.05
3 0.04765625 0.76953125 0.0953125 0.2515625
3 0.41796875 0.2828125 0.071875 0.06875
3 0.51484375 0.721875 0.090625 0.146875
3 0.6140625 0.5515625 0.065625 0.0625
3 0.934375 0.17734375 0.06875 0.084375
3 0.82578125 0.9328125 0.240625 0.134375
3 0.35703125 0.4046875 0.06875 0.05
3 0.721875 0.61484375 0.06875 0.04375
3 0.18046875 0.8703125 0.071875 0.115625
3 0.8875 0.33046875 0.084375 0.078125
3 0.26484375 0.56171875 0.11875 0.090625
3 0.3609375 0.46015625 0.05625 0.084375
3 0.365625 0.2390625 0.0296875 0.05
3 0.25703125 0.90234375 0.075 0.08125
3 0.859375 0.4421875 0.0375 0.053125
3 0.83515625 0.19765625 0.0375 0.040625
3 0.95078125 0.11640625 0.059375 0.040625
3 0.240625 0.0359375 0.053125 0.040625
3 0.078125 0.3 0.0984375 0.0875
3 0.721875 0.67265625 0.05625 0.065625
3 0.9859375 0.52578125 0.028125 0.096875
3 0.934375 0.90390625 0.13125 0.121875
3 0.86015625 0.82109375 0.090625 0.11875
3 0.35703125 0.30703125 0.059375 0.05625
3 0.40234375 0.12890625 0.05625 0.053125
3 0.7328125 0.25390625 0.05 0.05625
3 0.35859375 0.59296875 0.18125 0.184375
3 0.9796875 0.62265625 0.040625 0.0609375
3 0.59609375 0.328125 0.0875 0.0375
3 0.4015625 0.22890625 0.040625 0.046875
3 0.90703125 0.69140625 0.165625 0.096875
3 0.34296875 0.2578125 0.0375 0.05625
3 0.76640625 0.0890625 0.0875 0.0875
3 0.44453125 0.325 0.04375 0.034375
3 0.56796875 0.5015625 0.046875 0.046875
3 0.97578125 0.38671875 0.0484375 0.0640625
3 0.20859375 0.2828125 0.0375 0.05
3 0.76640625 0.80078125 0.1375 0.1453125
3 0.2109375 0.21171875 0.075 0.05625
3 0.31015625 0.2046875 0.0375 0.0375
3 0.95859375 0.80078125 0.08125 0.1140625
3 0.0515625 0.090625 0.103125 0.084375
3 0.5484375 0.54453125 0.059375 0.053125
3 0.83359375 0.12578125 0.046875 0.03125
3 0.021875 0.43984375 0.040625 0.0296875
3 0.67734375 0.19140625 0.05 0.0296875
3 0.7625 0.6375 0.05625 0.078125
3 0.428125 0.38359375 0.078125 0.08125
3 0.42265625 0.42890625 0.0625 0.06875
3 0.85703125 0.38046875 0.053125 0.0375
3 0.5046875 0.16796875 0.0375 0.0375
3 0.415625 0.4640625 0.0625 0.053125
3 0.8765625 0.19609375 0.046875 0.05
3 0.88515625 0.2546875 0.046875 0.071875
3 0.11484375 0.4875 0.05625 0.0625
3 0.778125 0.53828125 0.1265625 0.1484375
3 0.61640625 0.3765625 0.075 0.078125
3 0.63046875 0.11328125 0.0625 0.0625
3 0.225 0.4265625 0.075 0.05625
3 0.9578125 0.2296875 0.08125 0.0953125
3 0.553125 0.2953125 0.05625 0.065625