3 0.23125 0.171875 0.20625 0.2375
3 0.165625 0.27421875 0.0328125 0.0328125
3 0.15078125 0.41640625 0.0390625 0.03125
3 0.9765625 0.6625 0.028125 0.0765625
3 0.6984375 0.85625 0.1484375 0.1296875
3 0.94296875 0.24921875 0.0421875 0.0328125
3 0.28125 0.49296875 0.0578125 0.084375
3 0.0890625 0.915625 0.178125 0.115625
3 0.9828125 0.34296875 0.034375 0.0359375
3 0.6453125 0.25859375 0.08125 0.096875
3 0.528125 0.4109375 0.0796875 0.0484375
3 0.71484375 0.73125 0.1109375 0.1703125
3 0.40234375 0.31875 0.040625 0.04375
3 0.86171875 0.36953125 0.10625 0.0875
3 0.41953125 0.02890625 0.0609375 0.0578125
3 0.09609375 0.0671875 0.040625 0.040625
3 0.24921875 0.459375 0.0421875 0.0359375
3 0.98359375 0.29140625 0.0328125 0.0328125
3 0.9953125 0.3046875 0.009375 0.096875
3 0.7 0.21640625 0.03125 0.0546875
3 0.46796875 0.54140625 0.134375 0.1203125
3 0.63046875 0.8 0.1171875 0.0890625
3 0.740625 0.6109375 0.05625 0.0765625
3 0.371875 0.49765625 0.190625 0.190625
3 0.43125 0.2359375 0.04375 0.059375
3 0.43046875 0.78359375 0.140625 0.1671875
3 0.11015625 0.4890625 0.0421875 0.040625
3 0.58046875 0.6953125 0.109375 0.1265625
3 0.0953125 0.678125 0.1453125 0.1609375
3 0.47890625 0.07109375 0.046875 0.0546875
3 0.8265625 0.13671875 0.0359375 0.0296875
3 0.265625 0.43359375 0.0453125 0.040625
3 0.4875 0.4046875 0.0359375 0.046875
3 0.9390625 0.83515625 0.0796875 0.1546875
3 0.4375 0.16484375 0.084375 0.0765625
3 0.721875 0.26796875 0.0765625 0.059375
3 0.5046875 0.459375 0.0875 0.0859375
3 0.1515625 0.54140625 0.0734375 0.0765625
3 0.19375 0.31328125 0.034375 0.028125
3 0.1890625 0.359375 0.0421875 0.0265625
3 0.87265625 0.1515625 0.0859375 0.0765625
3 0.53359375 0.790625 0.04375 0.04375
3 0.18515625 0.47890625 0.040625 0.0296875
3 0.57734375 0.37421875 0.0796875 0.0546875
3 0.96171875 0.13203125 0.0515625 0.04375
3 0.11484375 0.3546875 0.040625 0.046875
3 0.31171875 0.75390625 0.15625 0.2109375
3 0.3546875 0.60390625 0.065625 0.0625
3 0.27890625 0.04375 0.1296875 0.0875
3 0.07421875 0.45 0.028125 0.034375
3 0.87421875 0.440625 0.0984375 0.1015625
3 0.9390625 0.17734375 0.059375 0.0453125
3 0.52109375 0.28828125 0.0421875 0.04375
3 0.33203125 0.3953125 0.084375 0.0609375
3 0.509375 0.3859375 0.0375 0.0265625
3 0.8375 0.31640625 0.0953125 0.0484375
3 0.96484375 0.40234375 0.0703125 0.1171875
3 0.63671875 0.19296875 0.0515625 0.05625
3 0.4671875 0.36953125 0.0453125 0.0421875
3 0.76796875 0.54296875 0.071875 0.065625
3 0.69453125 0.1484375 0.0296875 0.0328125
3 0.6734375 0.9828125 0.09375 0.034375
3 0.3703125 0.1671875 0.0640625 0.071875
3 0.709375 0.50234375 0.0734375 0.0953125
3 0.234375 0.6796875 0.103125 0.1109375
3 0.28671875 0.328125 0.0390625 0.04375
3 0.834375 0.56015625 0.0796875 0.071875
3 0.5078125 0.3203125 0.046875 0.04375
3 0.4515625 0.26796875 0.04375 0.034375
3 0.8953125 0.25390625 0.1171875 0.11875
3 0.65078125 0.35546875 0.096875 0.096875
3 0.615625 0.1484375 0.0546875 0.046875
3 0.1296875 0.84453125 0.109375 0.09375
3 0.52734375 0.73359375 0.0953125 0.1
3 0.94375 0.6953125 0.078125 0.0796875
3 0.1625 0.3390625 0.03125 0.0296875
3 0.340625 0.371875 0.115625 0.0671875
3 0.62890625 0.73515625 0.04375 0.053125
3 0.92890625 0.95 0.0734375 0.1
3 0.7125 0.02421875 0.04375 0.01875
3 0.7625 0.38359375 0.13125 0.1296875
3 0.44296875 0.3328125 0.034375 0.0390625
3 0.24453125 0.90859375 0.0890625 0.0953125
3 0.559375 0.5765625 0.20625 0.2109375
3 0.9703125 0.546875 0.059375 0.15625
3 0.6015625 0.3015625 0.04375 0.04375
3 0.79140625 0.59296875 0.090625 0.0765625
3 0.1734375 0.75546875 0.2 0.2203125
3 0.43203125 0.390625 0.0921875 0.0734375
3 0.65 0.6828125 0.05 0.0734375
3 0.3171875 0.2859375 0.0359375 0.0328125
3 0.21328125 0.4609375 0.040625 0.0390625
3 0.72734375 0.9546875 0.1453125 0.090625
3 0.6890625 0.6171875 0.0671875 0.0578125
3 0.01640625 0.546875 0.0328125 0.05
3 0.35 0.85703125 0.090625 0.1421875
3 0.42421875 0.89921875 0.0953125 0.1015625
3 0.05234375 0.55703125 0.0515625 0.0453125
3 0.79453125 0.4984375 0.0578125 0.0671875
3 0.6703125 0.05390625 0.0984375 0.0890625
3 0.1984375 0.5875 0.1015625 0.10625
3 0.221875 0.54375 0.0515625 0.053125
3 0.62578125 0.44296875 0.0609375 0.0640625
3 0.5453125 0.2015625 0.0296875 0.034375
3 0.7875 0.12421875 0.0515625 0.0453125
3 0.9796875 0.04375 0.040625 0.0125
3 0.20859375 0.00546875 0.0609375 0.0109375
3 0.79296875 0.90625 0.2171875 0.165625
3 0.2921875 0.24296875 0.1 0.1
3 0.221875 0.3890625 0.046875 0.040625
3 0.74375 0.0265625 0.021875 0.015625
3 0.18046875 0.49921875 0.0421875 0.0359375
3 0.865625 0.975 0.15 0.05
3 0.75390625 0.13515625 0.04375 0.04375
3 0.24765625 0.52421875 0.0640625 0.065625
3 0.1921875 0.9546875 0.0734375 0.046875
3 0.9171875 0.13515625 0.0640625 0.05625
3 0.3875 0.28671875 0.0796875 0.09375
3 0.703125 0.66875 0.0609375 0.0546875
3 0.48828125 0.2234375 0.0859375 0.059375
3 0.73671875 0.1734375 0.046875 0.04375
3 0.059375 0.4921875 0.0625 0.0484375
3 0.74140625 0.21171875 0.053125 0.0328125
3 0.275 0.35703125 0.034375 0.0359375
3 0.39453125 0.66796875 0.1125 0.1140625
3 0.19296875 0.28515625 0.040625 0.034375
3 0.58203125 0.271875 0.0609375 0.065625
3 0.98359375 0.2453125 0.0328125 0.071875
3 0.59765625 0.2046875 0.034375 0.0515625
3 0.79375 0.18671875 0.065625 0.0609375
3 0.53515625 0.21953125 0.021875 0.0296875
3 0.25078125 0.5828125 0.071875 0.05625
3 0.496875 0.35546875 0.040625 0.0421875
3 0.3328125 0.315625 0.040625 0.04375
3 0.06484375 0.60234375 0.0421875 0.05625
3 0.81796875 0.1 0.0515625 0.053125
3 0.89296875 0.0921875 0.065625 0.06875
3 0.596875 0.0453125 0.0796875 0.0828125
3 0.95 0.6359375 0.0796875 0.0546875
3 0.575 0.4484375 0.0703125 0.075
3 0.39140625 0.353125 0.0359375 0.0265625
3 0.42421875 0.634375 0.0796875 0.1125
3 0.740625 0.30859375 0.0875 0.0734375
3 0.0484375 0.528125 0.0453125 0.040625
3 0.290625 0.63125 0.10625 0.1046875
3 0.8328125 0.740625 0.184375 0.2125
3 0.31328125 0.934375 0.1046875 0.103125
3 0.57578125 0.22109375 0.0453125 0.0578125
3 0.77265625 0.09375 0.05 0.0265625
3 0.2328125 0.48515625 0.0484375 0.0328125
3 0.0375 0.47890625 0.0546875 0.0578125
3 0.94140625 0.4984375 0.05625 0.0640625
3 0.31328125 0.44453125 0.071875 0.0734375
3 0.64296875 0.090625 0.071875 0.065625
3 0.86171875 0.53984375 0.071875 0.0671875
3 0.796875 0.2765625 0.0671875 0.0734375
3 0.196875 0.0421875 0.046875 0.0546875
3 0.54296875 0.1640625 0.0453125 0.04375
3 0.45 0.2953125 0.0609375 0.0453125
3 0.5953125 0.340625 0.05625 0.05