3 0.20234375 0.2453125 0.1734375 0.2046875
3 0.14921875 0.34453125 0.028125 0.028125
3 0.14765625 0.47578125 0.0328125 0.0265625
3 0.94375 0.63671875 0.0546875 0.06875
3 0.6859375 0.8359375 0.128125 0.109375
3 0.86171875 0.259375 0.0359375 0.0265625
3 0.2734375 0.5359375 0.046875 0.0734375
3 0.1046875 0.9484375 0.209375 0.103125
3 0.90859375 0.3421875 0.034375 0.0296875
3 0.5890625 0.29140625 0.06875 0.084375
3 0.49375 0.440625 0.0703125 0.0390625
3 0.69140625 0.7203125 0.0890625 0.15
3 0.3703125 0.36640625 0.034375 0.0375
3 0.796875 0.37578125 0.0921875 0.0734375
3 0.36328125 0.08359375 0.0515625 0.08125
3 0.06953125 0.16015625 0.034375 0.034375
3 0.24140625 0.5078125 0.0359375 0.0296875
3 0.90703125 0.29453125 0.0375 0.0265625
3 0.94921875 0.30546875 0.0703125 0.0875
3 0.6359375 0.2484375 0.025 0.0484375
3 0.44921875 0.565625 0.115625 0.1015625
3 0.61875 0.78984375 0.1015625 0.0734375
3 0.7046875 0.6078125 0.046875 0.0671875
3 0.35703125 0.5328125 0.1625 0.1625
3 0.390625 0.28828125 0.0359375 0.0515625
3 0.43359375 0.790625 0.1171875 0.14375
3 0.11640625 0.546875 0.0359375 0.034375
3 0.5640625 0.69765625 0.0921875 0.109375
3 0.11796875 0.72109375 0.1234375 0.1375
3 0.42109375 0.1328125 0.0390625 0.046875
3 0.74609375 0.16484375 0.03125 0.025
3 0.2546875 0.4828125 0.0390625 0.034375
3 0.45546875 0.43828125 0.0296875 0.040625
3 0.9375 0.79765625 0.125 0.1390625
3 0.390625 0.22265625 0.071875 0.0640625
3 0.66015625 0.29375 0.0671875 0.05
3 0.47578125 0.4875 0.075 0.0734375
3 0.1578125 0.59140625 0.0625 0.065625
3 0.17890625 0.378125 0.0296875 0.0234375
3 0.178125 0.4203125 0.0375 0.021875
3 0.7890625 0.175 0.0734375 0.0640625
3 0.52890625 0.7890625 0.0375 0.0375
3 0.184375 0.53046875 0.0359375 0.0234375
3 0.5359375 0.403125 0.0703125 0.04375
3 0.86953125 0.15 0.04375 0.0359375
3 0.11015625 0.42265625 0.034375 0.040625
3 0.32265625 0.7734375 0.128125 0.184375
3 0.35 0.63203125 0.05625 0.053125
3 0.234375 0.11328125 0.1125 0.0921875
3 0.08046875 0.51328125 0.0234375 0.0296875
3 0.8140625 0.440625 0.0828125 0.0875
3 0.85234375 0.19375 0.0515625 0.0375
3 0.47734375 0.32890625 0.0359375 0.0375
3 0.3125 0.4421875 0.0734375 0.05
3 0.47421875 0.41953125 0.0328125 0.021875
3 0.7703125 0.32890625 0.084375 0.0375
3 0.93359375 0.39921875 0.1328125 0.103125
3 0.57578125 0.23203125 0.04375 0.0484375
3 0.434375 0.4078125 0.0390625 0.0359375
3 0.72421875 0.54296875 0.0609375 0.0546875
3 0.62578125 0.18671875 0.025 0.028125
3 0.67421875 0.971875 0.0828125 0.0546875
3 0.32890625 0.2296875 0.053125 0.0609375
3 0.6671875 0.5109375 0.0609375 0.0828125
3 0.2453125 0.71171875 0.0875 0.0953125
3 0.265625 0.384375 0.0328125 0.0375
3 0.78671875 0.553125 0.06875 0.0609375
3 0.46796875 0.359375 0.040625 0.0375
3 0.41953125 0.04453125 0.0453125 0.0359375
3 0.41171875 0.31640625 0.0375 0.028125
3 0.81875 0.2671875 0.1 0.1015625
3 0.6015625 0.38046875 0.0828125 0.0828125
3 0.553125 0.19296875 0.046875 0.0390625
3 0.1625 0.87109375 0.0953125 0.078125
3 0.51875 0.7375 0.08125 0.0859375
3 0.8984375 0.66875 0.0671875 0.06875
3 0.15234375 0.40390625 0.0265625 0.025
3 0.31796875 0.41953125 0.103125 0.053125
3 0.6125 0.73046875 0.0359375 0.0453125
3 0.9390625 0.93046875 0.121875 0.1390625
3 0.63203125 0.06015625 0.0390625 0.0375
3 0.70703125 0.396875 0.1125 0.109375
3 0.409375 0.37578125 0.0296875 0.0328125
3 0.2734375 0.9203125 0.075 0.08125
3 0.53515625 0.590625 0.175 0.1796875
3 0.9453125 0.53203125 0.109375 0.140625
3 0.05078125 0.03984375 0.034375 0.04375
3 0.55234375 0.33515625 0.0375 0.0375
3 0.75 0.58671875 0.078125 0.0640625
3 0.1953125 0.7859375 0.16875 0.1890625
3 0.709375 0.03515625 0.05 0.04375
3 0.40390625 0.4296875 0.0796875 0.0609375
3 0.62734375 0.68046875 0.040625 0.0640625
3 0.28984375 0.34296875 0.03125 0.028125
3 0.98203125 0.64375 0.0359375 0.053125
3 0.20859375 0.51171875 0.034375 0.0328125
3 0.72109375 0.92734375 0.128125 0.0796875
3 0.6578125 0.6171875 0.0578125 0.0484375
3 0.02734375 0.60859375 0.04375 0.04375
3 0.36640625 0.86484375 0.0734375 0.125
3 0.4375 0.89765625 0.0796875 0.0875
3 0.06875 0.61328125 0.04375 0.0375
3 0.7453125 0.5 0.0484375 0.0578125
3 0.5953125 0.075 0.084375 0.128125
3 0.2046875 0.6296875 0.0859375 0.090625
3 0.22265625 0.5875 0.04375 0.0453125
3 0.5859375 0.4625 0.0515625 0.0546875
3 0.4921875 0.246875 0.025 0.0296875
3 0.709375 0.15703125 0.04375 0.0375
3 0.88515625 0.05625 0.0453125 0.03125
3 0.16796875 0.06328125 0.053125 0.06875
3 0.7765625 0.87421875 0.1890625 0.1359375
3 0.26328125 0.30546875 0.0859375 0.0859375
3 0.2109375 0.44609375 0.040625 0.034375
3 0.66171875 0.06171875 0.01875 0.03125
3 0.18125 0.55 0.0359375 0.0296875
3 0.8515625 0.9515625 0.1328125 0.071875
3 0.67890625 0.16953125 0.0375 0.0375
3 0.2453125 0.5671875 0.0546875 0.05625
3 0.22890625 0.97421875 0.0640625 0.0515625
3 0.82890625 0.15625 0.0546875 0.046875
3 0.3546875 0.33828125 0.0671875 0.08125
3 0.675 0.6640625 0.0515625 0.0453125
3 0.4421875 0.271875 0.075 0.0484375
3 0.665625 0.20625 0.040625 0.0375
3 0.06953125 0.553125 0.0546875 0.040625
3 0.6734375 0.240625 0.046875 0.0265625
3 0.25703125 0.41171875 0.0296875 0.03125
3 0.39140625 0.6875 0.0953125 0.096875
3 0.17578125 0.35234375 0.034375 0.028125
3 0.53203125 0.30859375 0.0515625 0.05625
3 0.9125 0.2515625 0.053125 0.0625
3 0.54140625 0.24609375 0.028125 0.0453125
3 0.71953125 0.2140625 0.05625 0.0515625
3 0.48515625 0.2640625 0.0171875 0.0265625
3 0.9640625 0.19140625 0.0703125 0.0703125
3 0.25234375 0.62109375 0.0625 0.046875
3 0.4609375 0.3921875 0.034375 0.0359375
3 0.30625 0.36953125 0.034375 0.0375
3 0.08359375 0.65390625 0.034375 0.05
3 0.73515625 0.13203125 0.04375 0.0453125
3 0.803125 0.11875 0.05625 0.059375
3 0.528125 0.0828125 0.0671875 0.1046875
3 0.89921875 0.61328125 0.0703125 0.04375
3 0.53984375 0.471875 0.059375 0.0640625
3 0.36328125 0.39921875 0.03125 0.021875
3 0.415625 0.6546875 0.065625 0.0984375
3 0.68046875 0.3296875 0.075 0.0609375
3 0.0625 0.58671875 0.0390625 0.034375
3 0.29375 0.6625 0.090625 0.0890625
3 0.8 0.71953125 0.1546875 0.1828125
3 0.33828125 0.9390625 0.0890625 0.0875
3 0.52265625 0.2625 0.0375 0.05
3 0.6921875 0.13046875 0.04375 0.0203125
3 0.22890625 0.5328125 0.0421875 0.0265625
3 0.975 0.6796875 0.05 0.03125
3 0.971875 0.70546875 0.0375 0.0328125
3 0.0484375 0.54296875 0.046875 0.05
3 0.88046875 0.48828125 0.046875 0.0546875
3 0.29921875 0.4890625 0.0609375 0.0625
3 0.5734375 0.1375 0.0609375 0.0546875
3 0.8109375 0.53203125 0.0609375 0.05625
3 0.7296875 0.29609375 0.05625 0.0625
3 0.159375 0.12890625 0.0390625 0.046875
3 0.4875 0.21328125 0.0390625 0.0375
3 0.4125 0.34140625 0.053125 0.0375
3 0.55 0.37109375 0.0484375 0.0421875