3 0.2296875 0.228125 0.2109375 0.240625
3 0.16015625 0.32734375 0.034375 0.034375
3 0.14140625 0.4671875 0.0390625 0.0328125
3 0.95625 0.73984375 0.04375 0.0765625
3 0.66796875 0.92109375 0.15 0.1328125
3 0.93125 0.33046875 0.0421875 0.0328125
3 0.2671875 0.54765625 0.059375 0.084375
3 0.07578125 0.92890625 0.1515625 0.0609375
3 0.96953125 0.42421875 0.040625 0.0359375
3 0.6359375 0.32890625 0.084375 0.0984375
3 0.51484375 0.475 0.0796875 0.0515625
3 0.6890625 0.7984375 0.1140625 0.171875
3 0.39296875 0.3796875 0.040625 0.0453125
3 0.846875 0.44609375 0.1078125 0.090625
3 0.42265625 0.07734375 0.065625 0.09375
3 0.09921875 0.1203125 0.040625 0.040625
3 0.23671875 0.51328125 0.0421875 0.0359375
3 0.97421875 0.3734375 0.04375 0.034375
3 0.98671875 0.3875 0.0265625 0.096875
3 0.69140625 0.28828125 0.0328125 0.0546875
3 0.4515625 0.6015625 0.1359375 0.1234375
3 0.60234375 0.86328125 0.11875 0.0921875
3 0.71796875 0.68046875 0.0578125 0.078125
3 0.35703125 0.5546875 0.19375 0.19375
3 0.425 0.2984375 0.0453125 0.059375
3 0.4046875 0.83984375 0.14375 0.16875
3 0.0984375 0.5390625 0.0421875 0.040625
3 0.55625 0.7578125 0.1125 0.128125
3 0.078125 0.72421875 0.15 0.1625
3 0.47734375 0.1375 0.0484375 0.0546875
3 0.8203125 0.2140625 0.0359375 0.0296875
3 0.25390625 0.4890625 0.046875 0.0421875
3 0.47421875 0.4671875 0.0375 0.046875
3 0.91328125 0.90859375 0.096875 0.1578125
3 0.43359375 0.22890625 0.084375 0.078125
3 0.71171875 0.33984375 0.078125 0.0625
3 0.4890625 0.52265625 0.0890625 0.0875
3 0.13671875 0.59140625 0.075 0.078125
3 0.1875 0.3671875 0.034375 0.028125
3 0.18125 0.41171875 0.04375 0.028125
3 0.8640625 0.23046875 0.0859375 0.078125
3 0.50625 0.85078125 0.0453125 0.0453125
3 0.1734375 0.5296875 0.040625 0.0296875
3 0.56484375 0.440625 0.08125 0.05625
3 0.95390625 0.2140625 0.0515625 0.04375
3 0.10859375 0.40546875 0.0421875 0.0484375
3 0.2890625 0.80703125 0.1609375 0.2125
3 0.3359375 0.66015625 0.0671875 0.0640625
3 0.28203125 0.0921875 0.1328125 0.1125
3 0.06484375 0.4984375 0.028125 0.034375
3 0.85625 0.5171875 0.1 0.103125
3 0.9296875 0.25859375 0.059375 0.046875
3 0.51171875 0.353125 0.0421875 0.0453125
3 0.321875 0.453125 0.084375 0.0625
3 0.496875 0.45 0.0375 0.028125
3 0.82421875 0.3921875 0.0953125 0.0515625
3 0.95546875 0.48359375 0.0890625 0.1203125
3 0.6296875 0.26328125 0.053125 0.0578125
3 0.45546875 0.43203125 0.046875 0.04375
3 0.74765625 0.6140625 0.071875 0.065625
3 0.6890625 0.221875 0.0296875 0.0328125
3 0.36640625 0.22890625 0.0640625 0.071875
3 0.690625 0.571875 0.0765625 0.096875
3 0.21484375 0.73125 0.10625 0.1125
3 0.27890625 0.384375 0.040625 0.0453125
3 0.8125 0.6328125 0.08125 0.0734375
3 0.4984375 0.38515625 0.0484375 0.0453125
3 0.4875 0.04296875 0.053125 0.04375
3 0.44375 0.33203125 0.04375 0.0359375
3 0.884375 0.33203125 0.1203125 0.121875
3 0.6375 0.425 0.1 0.1
3 0.6109375 0.21875 0.0546875 0.0484375
3 0.10546875 0.88984375 0.1125 0.0953125
3 0.50234375 0.79453125 0.0984375 0.1015625
3 0.91640625 0.77109375 0.0796875 0.08125
3 0.15625 0.390625 0.03125 0.0296875
3 0.3296875 0.4296875 0.1171875 0.0703125
3 0.603125 0.79921875 0.04375 0.053125
3 0.90234375 0.9859375 0.0859375 0.028125
3 0.71171875 0.0875 0.046875 0.0453125
3 0.74765625 0.45625 0.134375 0.13125
3 0.43359375 0.3953125 0.0359375 0.0390625
3 0.21875 0.940625 0.0859375 0.065625
3 0.53984375 0.63984375 0.2109375 0.2140625
3 0.95703125 0.6265625 0.0796875 0.1578125
3 0.09453125 0.0078125 0.0421875 0.015625
3 0.59140625 0.3703125 0.0453125 0.0453125
3 0.76875 0.66328125 0.090625 0.078125
3 0.1515625 0.80390625 0.2046875 0.2234375
3 0.79765625 0.0703125 0.059375 0.053125
3 0.42109375 0.4515625 0.09375 0.075
3 0.6265625 0.74765625 0.0515625 0.0734375
3 0.3109375 0.34375 0.0375 0.034375
3 0.2015625 0.51328125 0.040625 0.0390625
3 0.69453125 0.9859375 0.1421875 0.028125
3 0.6671875 0.684375 0.0671875 0.059375
3 0.01015625 0.590625 0.0203125 0.05
3 0.3234375 0.91015625 0.0953125 0.14375
3 0.3953125 0.9484375 0.0953125 0.09375
3 0.03984375 0.603125 0.0515625 0.0453125
3 0.77578125 0.57109375 0.059375 0.0671875
3 0.67109375 0.0984375 0.10625 0.146875
3 0.18203125 0.6390625 0.103125 0.1078125
3 0.20625 0.59609375 0.053125 0.053125
3 0.61015625 0.51015625 0.0625 0.065625
3 0.5390625 0.26796875 0.0296875 0.034375
3 0.78125 0.20078125 0.0515625 0.0453125
3 0.978125 0.11640625 0.04375 0.0390625
3 0.2171875 0.034375 0.065625 0.06875
3 0.759375 0.94453125 0.21875 0.1109375
3 0.28671875 0.30078125 0.103125 0.103125
3 0.2125 0.44375 0.0484375 0.0421875
3 0.74375 0.09296875 0.025 0.0359375
3 0.16796875 0.55078125 0.0421875 0.0359375
3 0.7484375 0.21015625 0.0453125 0.0453125
3 0.23359375 0.57734375 0.065625 0.0671875
3 0.909375 0.215625 0.0640625 0.05625
3 0.38046875 0.34765625 0.08125 0.0953125
3 0.67890625 0.73671875 0.0609375 0.0546875
3 0.48203125 0.28828125 0.0859375 0.0625
3 0.72890625 0.246875 0.0484375 0.0453125
3 0.0484375 0.5390625 0.0640625 0.05
3 0.7328125 0.28515625 0.053125 0.034375
3 0.26640625 0.41328125 0.0359375 0.0375
3 0.3734375 0.72421875 0.1140625 0.115625
3 0.1875 0.3390625 0.040625 0.034375
3 0.5734375 0.3390625 0.0625 0.0671875
3 0.9765625 0.32734375 0.046875 0.0734375
3 0.59140625 0.2734375 0.0359375 0.0515625
3 0.78515625 0.2625 0.0671875 0.0625
3 0.52890625 0.28515625 0.021875 0.03125
3 0.23359375 0.6359375 0.0734375 0.0578125
3 0.48671875 0.41875 0.040625 0.0421875
3 0.32421875 0.37421875 0.040625 0.0453125
3 0.05 0.6484375 0.04375 0.0578125
3 0.8125 0.17734375 0.053125 0.053125
3 0.88671875 0.171875 0.0671875 0.0703125
3 0.5984375 0.09765625 0.084375 0.1203125
3 0.92421875 0.71171875 0.08125 0.05625
3 0.559375 0.5140625 0.071875 0.0765625
3 0.38125 0.4140625 0.0359375 0.028125
3 0.40390625 0.69296875 0.0828125 0.1125
3 0.72890625 0.38125 0.0875 0.075
3 0.0359375 0.5734375 0.046875 0.0421875
3 0.27265625 0.68515625 0.1078125 0.10625
3 0.8046875 0.8125 0.1890625 0.215625
3 0.2875 0.9578125 0.1 0.05
3 0.56953125 0.2890625 0.046875 0.0578125
3 0.7671875 0.1703125 0.0484375 0.028125
3 0.2203125 0.53828125 0.0484375 0.034375
3 0.02734375 0.525 0.0546875 0.059375
3 0.92109375 0.57578125 0.05625 0.0640625
3 0.3015625 0.50078125 0.0734375 0.075
3 0.63984375 0.1625 0.071875 0.065625
3 0.84140625 0.61328125 0.071875 0.0671875
3 0.78515625 0.3515625 0.0671875 0.0734375
3 0.19921875 0.0984375 0.0484375 0.0546875
3 0.5375 0.23125 0.046875 0.0453125
3 0.44140625 0.3578125 0.0609375 0.046875
3 0.58359375 0.4078125 0.0578125 0.0515625