3 0.328125 0.51015625 0.1984375 0.15703125
1 0.67890625 0.55546875 0.6421875 0.8890625
3 0.5484375 0.4921875 0.13125 0.15
3 0.6859375 0.49453125 0.13828125 0.19375
3 0.76015625 0.3015625 0.10234375 0.13359375
3 0.80703125 0.35390625 0.11796875 0.11796875
3 0.58671875 0.909375 0.18515625 0.18125
3 0.43359375 0.74921875 0.10390625 0.09375
3 0.08046875 0.740625 0.09765625 0.071875
3 0.403125 0.83671875 0.10703125 0.0828125
3 0.25078125 0.77265625 0.08984375 0.10078125
3 0.2515625 0.8890625 0.1484375 0.13203125