1 0.70859375 0.4375 0.5828125 0.875
3 0.759375 0.89921875 0.15625 0.1484375
3 0.58515625 0.94140625 0.1015625 0.1171875
3 0.634375 0.7078125 0.1046875 0.1359375
3 0.62890625 0.625 0.1359375 0.153125
3 0.75859375 0.63671875 0.103125 0.2015625
3 0.925 0.6578125 0.146875 0.2765625
3 0.7640625 0.5015625 0.1453125 0.1859375
3 0.53828125 0.5 0.125 0.1296875
3 0.4296875 0.82578125 0.109375 0.1171875
3 0.8078125 0.38828125 0.153125 0.1671875
3 0.90546875 0.33125 0.10625 0.11875
3 0.83984375 0.29375 0.1078125 0.1328125
3 0.78046875 0.19140625 0.1125 0.1359375