1 0.725 0.409375 0.55 0.81875
3 0.77734375 0.85234375 0.14140625 0.134375
3 0.61484375 0.909375 0.090625 0.12109375
3 0.64921875 0.6765625 0.09375 0.125
3 0.6390625 0.596875 0.1234375 0.1390625
3 0.7640625 0.60234375 0.08828125 0.1875
3 0.9296875 0.6140625 0.140625 0.25625
3 0.7625 0.47265625 0.13046875 0.17109375
3 0.546875 0.4828125 0.11328125 0.11796875
3 0.46015625 0.79765625 0.0984375 0.10703125
3 0.7984375 0.3640625 0.13828125 0.153125
3 0.88828125 0.30390625 0.0953125 0.10859375
3 0.82421875 0.271875 0.09609375 0.121875
3 0.7625 0.178125 0.10078125 0.125