1 0.74140625 0.4578125 0.5171875 0.915625
3 0.846875 0.93671875 0.159375 0.1265625
3 0.66484375 0.97109375 0.1015625 0.0578125
3 0.70859375 0.75390625 0.10625 0.140625
3 0.69921875 0.665625 0.1390625 0.1578125
3 0.8375 0.67421875 0.1015625 0.2109375
3 0.9703125 0.6890625 0.0578125 0.2875
3 0.83828125 0.53046875 0.1484375 0.1921875
3 0.59921875 0.53671875 0.128125 0.1328125
3 0.49609375 0.88515625 0.1109375 0.1203125
3 0.88046875 0.409375 0.15625 0.171875
3 0.96328125 0.3421875 0.0734375 0.121875
3 0.91015625 0.3078125 0.109375 0.1375
3 0.84453125 0.20234375 0.115625 0.140625