3 0.0875 0.740625 0.0703125 0.0546875
3 0.30234375 0.6046875 0.0328125 0.0453125
3 0.8828125 0.5453125 0.1 0.1203125
3 0.90546875 0.70234375 0.1109375 0.1140625
3 0.07421875 0.84921875 0.0578125 0.075
3 0.08203125 0.584375 0.0953125 0.0828125
3 0.15078125 0.64765625 0.1296875 0.10625
3 0.5234375 0.725 0.065625 0.0859375
3 0.3140625 0.55078125 0.1046875 0.08125
3 0.09765625 0.79921875 0.103125 0.0765625
3 0.403125 0.58125 0.08125 0.04375
3 0.13125 0.68984375 0.0640625 0.059375
3 0.64921875 0.19453125 0.0546875 0.0515625
3 0.49765625 0.18046875 0.065625 0.0578125
3 0.840625 0.765625 0.075 0.0828125
3 0.3359375 0.48203125 0.0875 0.0953125
3 0.7796875 0.57265625 0.08125 0.059375
3 0.1375 0.5109375 0.0578125 0.0609375
3 0.16953125 0.934375 0.121875 0.1140625
3 0.5109375 0.51875 0.06875 0.0671875
3 0.165625 0.44453125 0.08125 0.0828125
3 0.01875 0.7765625 0.0375 0.08125
3 0.57109375 0.17109375 0.059375 0.04375
3 0.49375 0.81015625 0.059375 0.0734375
3 0.16796875 0.5890625 0.096875 0.1203125
3 0.459375 0.428125 0.084375 0.16875
3 0.27421875 0.68125 0.0578125 0.065625
3 0.40078125 0.221875 0.08125 0.05625
3 0.55390625 0.64609375 0.1078125 0.0828125
3 0.0609375 0.93046875 0.1078125 0.1125
3 0.66875 0.571875 0.1484375 0.14375
3 0.2890625 0.29765625 0.0671875 0.1109375
3 0.50390625 0.3859375 0.0546875 0.0640625
3 0.35078125 0.65078125 0.053125 0.075
3 0.50234375 0.55703125 0.0890625 0.0921875
3 0.43203125 0.70859375 0.1 0.0765625
3 0.75546875 0.47890625 0.071875 0.0625
3 0.60625 0.53203125 0.0765625 0.090625
3 0.9546875 0.7953125 0.071875 0.0875
3 0.69296875 0.3828125 0.0796875 0.08125
3 0.73203125 0.78125 0.0578125 0.096875
3 0.64765625 0.71875 0.1359375 0.1515625
3 0.58359375 0.33359375 0.103125 0.1375
3 0.6328125 0.46484375 0.1546875 0.1125
3 0.76328125 0.05390625 0.0734375 0.0578125
3 0.8625 0.35703125 0.1703125 0.171875
3 0.4078125 0.63984375 0.10625 0.0890625
3 0.08515625 0.35 0.115625 0.140625
3 0.7515625 0.64375 0.1046875 0.1296875
3 0.07265625 0.4515625 0.1453125 0.134375
3 0.2453125 0.44296875 0.0859375 0.075
3 0.03046875 0.28984375 0.0484375 0.0671875
3 0.56640625 0.1296875 0.0578125 0.0578125
3 0.5546875 0.2375 0.0546875 0.05
3 0.2421875 0.0453125 0.0421875 0.059375
3 0.8265625 0.48125 0.0671875 0.0515625
3 0.13203125 0.10078125 0.0515625 0.0515625
3 0.20234375 0.37109375 0.0984375 0.1125
3 0.65859375 0.2875 0.05625 0.059375
3 0.13515625 0.734375 0.04375 0.0578125
3 0.89296875 0.80625 0.065625 0.0765625
3 0.38359375 0.45390625 0.06875 0.0515625
3 0.22421875 0.30703125 0.0984375 0.0796875
3 0.18984375 0.5015625 0.053125 0.0640625
3 0.58125 0.84296875 0.0875 0.096875
3 0.12265625 0.3015625 0.1 0.1515625
3 0.0875 0.1484375 0.0765625 0.096875