3 0.1015625 0.76484375 0.071875 0.05625
3 0.30546875 0.61015625 0.034375 0.046875
3 0.8828125 0.49921875 0.1015625 0.1234375
3 0.91875 0.6546875 0.1140625 0.1171875
3 0.09765625 0.87578125 0.059375 0.0765625
3 0.0828125 0.60859375 0.096875 0.084375
3 0.1578125 0.665625 0.13125 0.109375
3 0.5375 0.71171875 0.06875 0.0875
3 0.3125 0.5546875 0.10625 0.0828125
3 0.11796875 0.82265625 0.1046875 0.078125
3 0.4046875 0.57734375 0.08125 0.0453125
3 0.14140625 0.709375 0.065625 0.0609375
3 0.6171875 0.16875 0.0546875 0.0515625
3 0.4640625 0.1671875 0.0671875 0.059375
3 0.86015625 0.72421875 0.078125 0.0828125
3 0.328125 0.48359375 0.0890625 0.096875
3 0.78125 0.53515625 0.0828125 0.0625
3 0.13203125 0.53046875 0.059375 0.0625
3 0.2015625 0.946875 0.125 0.10625
3 0.50703125 0.50546875 0.0703125 0.06875
3 0.1546875 0.4609375 0.0828125 0.084375
3 0.0359375 0.8078125 0.04375 0.08125
3 0.5375 0.1515625 0.0609375 0.04375
3 0.515625 0.7984375 0.0609375 0.075
3 0.1703125 0.60546875 0.0984375 0.1234375
3 0.44765625 0.41875 0.0875 0.171875
3 0.28359375 0.6890625 0.059375 0.0671875
3 0.37109375 0.2171875 0.0828125 0.059375
3 0.56171875 0.62890625 0.109375 0.084375
3 0.09140625 0.94921875 0.1109375 0.1015625
3 0.6703125 0.54453125 0.1515625 0.146875
3 0.26484375 0.303125 0.0703125 0.1140625
3 0.48828125 0.37265625 0.05625 0.065625
3 0.35859375 0.65234375 0.0546875 0.0765625
3 0.50234375 0.54453125 0.090625 0.09375
3 0.44453125 0.703125 0.1015625 0.078125
3 0.74921875 0.44453125 0.0734375 0.0640625
3 0.60390625 0.509375 0.0796875 0.090625
3 0.96953125 0.7421875 0.0609375 0.0875
3 0.67734375 0.35234375 0.08125 0.08125
3 0.7515625 0.74921875 0.059375 0.0984375
3 0.66171875 0.69375 0.1390625 0.1546875
3 0.56328125 0.3125 0.10625 0.1390625
3 0.62421875 0.44140625 0.1578125 0.115625
3 0.71875 0.0234375 0.075 0.046875
3 0.8453125 0.3125 0.175 0.1765625
3 0.4140625 0.6359375 0.1078125 0.090625
3 0.065625 0.37421875 0.11875 0.14375
3 0.759375 0.609375 0.1078125 0.13125
3 0.06875 0.4765625 0.1375 0.1375
3 0.234375 0.45234375 0.0859375 0.078125
3 0.015625 0.3171875 0.03125 0.06875
3 0.528125 0.109375 0.059375 0.059375
3 0.52578125 0.21953125 0.0546875 0.05
3 0.19609375 0.0546875 0.0421875 0.0609375
3 0.8203125 0.43984375 0.06875 0.053125
3 0.090625 0.1203125 0.0515625 0.0515625
3 0.184375 0.38359375 0.1015625 0.115625
3 0.634375 0.26015625 0.0578125 0.0609375
3 0.14921875 0.7546875 0.04375 0.059375
3 0.91484375 0.76015625 0.0671875 0.078125
3 0.37421875 0.45078125 0.0703125 0.053125
3 0.2015625 0.31796875 0.1 0.08125
3 0.18359375 0.51640625 0.0546875 0.065625
3 0.60546875 0.82421875 0.0890625 0.0984375
3 0.0984375 0.321875 0.103125 0.153125
3 0.05 0.171875 0.078125 0.0984375