3 0.09453125 0.74453125 0.0671875 0.0515625
3 0.3015625 0.60390625 0.03125 0.04375
3 0.8703125 0.525 0.09375 0.115625
3 0.8984375 0.67890625 0.10625 0.109375
3 0.08515625 0.85234375 0.0546875 0.071875
3 0.08359375 0.59140625 0.090625 0.078125
3 0.15390625 0.65078125 0.1234375 0.1
3 0.52265625 0.71484375 0.0625 0.0828125
3 0.3109375 0.55 0.1 0.0765625
3 0.10703125 0.80234375 0.0984375 0.071875
3 0.4 0.5765625 0.078125 0.040625
3 0.1359375 0.69296875 0.0609375 0.05625
3 0.628125 0.18828125 0.0515625 0.0484375
3 0.47890625 0.17890625 0.0625 0.0546875
3 0.83671875 0.74375 0.071875 0.078125
3 0.3296875 0.48125 0.0828125 0.090625
3 0.76953125 0.55546875 0.078125 0.05625
3 0.1359375 0.5171875 0.0546875 0.0578125
3 0.18203125 0.93828125 0.1171875 0.1203125
3 0.50390625 0.51171875 0.065625 0.0640625
3 0.16171875 0.45078125 0.0765625 0.078125
3 0.0234375 0.78359375 0.046875 0.078125
3 0.55078125 0.16796875 0.0578125 0.040625
3 0.496875 0.79921875 0.05625 0.0703125
3 0.16875 0.59296875 0.090625 0.115625
3 0.45 0.42421875 0.0765625 0.1640625
3 0.27578125 0.6796875 0.0546875 0.0625
3 0.38515625 0.2234375 0.078125 0.053125
3 0.55 0.63515625 0.103125 0.078125
3 0.07578125 0.9375 0.103125 0.11875
3 0.6609375 0.55859375 0.140625 0.1359375
3 0.27734375 0.30234375 0.0625 0.1078125
3 0.4921875 0.38125 0.0515625 0.0609375
3 0.35078125 0.64765625 0.05 0.071875
3 0.496875 0.55 0.084375 0.0875
3 0.43203125 0.7015625 0.0953125 0.071875
3 0.74296875 0.46484375 0.06875 0.059375
3 0.59765625 0.52109375 0.0734375 0.0859375
3 0.9578125 0.76796875 0.0828125 0.0828125
3 0.678125 0.37109375 0.075 0.0765625
3 0.7296875 0.7625 0.053125 0.09375
3 0.6453125 0.70390625 0.128125 0.1453125
3 0.56796875 0.3265625 0.096875 0.13125
3 0.62109375 0.4546875 0.1484375 0.10625
3 0.7359375 0.04609375 0.0703125 0.0546875
3 0.84375 0.340625 0.1625 0.1640625
3 0.40625 0.634375 0.1015625 0.084375
3 0.07890625 0.3609375 0.109375 0.134375
3 0.74453125 0.6265625 0.0984375 0.1234375
3 0.0703125 0.46171875 0.140625 0.128125
3 0.23984375 0.44609375 0.08125 0.071875
3 0.0234375 0.30390625 0.046875 0.065625
3 0.54453125 0.1265625 0.0546875 0.0546875
3 0.53671875 0.23359375 0.0515625 0.046875
3 0.22265625 0.05546875 0.0390625 0.0578125
3 0.8125 0.4640625 0.0640625 0.0484375
3 0.11640625 0.1140625 0.0484375 0.0484375
3 0.19453125 0.3765625 0.09375 0.1078125
3 0.640625 0.27890625 0.053125 0.05625
3 0.14140625 0.73671875 0.040625 0.05625
3 0.8890625 0.78125 0.0625 0.0734375
3 0.37578125 0.45234375 0.065625 0.0484375
3 0.21484375 0.31328125 0.09375 0.075
3 0.18671875 0.50625 0.05 0.0609375
3 0.58359375 0.828125 0.0828125 0.0921875
3 0.1140625 0.31171875 0.09375 0.1453125
3 0.07421875 0.1625 0.071875 0.0921875