3 0.5171875 0.72734375 0.0734375 0.0859375
0 0.5234375 0.83984375 0.1265625 0.1015625
3 0.5515625 0.78984375 0.090625 0.121875
3 0.80546875 0.7375 0.065625 0.0796875
3 0.584375 0.625 0.0671875 0.084375
3 0.4953125 0.6421875 0.0578125 0.0828125
3 0.4515625 0.975 0.096875 0.05
0 0.44609375 0.85703125 0.1390625 0.153125
0 0.3734375 0.8625 0.1203125 0.0734375
3 0.984375 0.66328125 0.03125 0.1171875
3 0.96953125 0.79375 0.0609375 0.090625
3 0.69375 0.4203125 0.046875 0.046875
3 0.72109375 0.45703125 0.034375 0.0671875
3 0.78671875 0.3828125 0.090625 0.10625
2 0.47265625 0.39765625 0.215625 0.1484375
2 0.6546875 0.29375 0.1546875 0.1234375