3 0.4890625 0.703125 0.0640625 0.07578125
0 0.48515625 0.81015625 0.1125 0.0875
3 0.515625 0.76484375 0.07734375 0.109375
3 0.7609375 0.73671875 0.05703125 0.0703125
3 0.5609375 0.61171875 0.05703125 0.07578125
3 0.475 0.62109375 0.04921875 0.07421875
3 0.40546875 0.9578125 0.08828125 0.084375
0 0.41015625 0.8203125 0.1203125 0.13515625
0 0.340625 0.81953125 0.109375 0.06015625
3 0.9625 0.684375 0.0703125 0.10859375
3 0.9203125 0.80546875 0.06796875 0.08046875
3 0.68125 0.4265625 0.040625 0.040625
3 0.7046875 0.4640625 0.02734375 0.06171875
3 0.7734375 0.3984375 0.07890625 0.09453125
2 0.47421875 0.3859375 0.1953125 0.125
2 0.6546875 0.303125 0.1390625 0.10546875