3 0.51171875 0.69453125 0.0703125 0.0828125
0 0.51015625 0.81015625 0.125 0.096875
3 0.5421875 0.7609375 0.0859375 0.1203125
3 0.80859375 0.72578125 0.0640625 0.078125
3 0.5890625 0.59375 0.0640625 0.0828125
3 0.4953125 0.60546875 0.0546875 0.0828125
3 0.425 0.96171875 0.096875 0.0765625
0 0.42890625 0.82265625 0.1328125 0.1484375
0 0.353125 0.82265625 0.1203125 0.0671875
3 0.971875 0.79453125 0.05625 0.0859375
3 0.71640625 0.390625 0.0453125 0.0453125
3 0.74296875 0.43125 0.03125 0.0671875
3 0.815625 0.35859375 0.0875 0.103125
2 0.490625 0.35 0.2140625 0.1390625
2 0.6859375 0.25703125 0.153125 0.1171875