1 0.6171875 0.54609375 0.64296875 0.771875
3 0.3609375 0.5453125 0.11484375 0.14453125
3 0.1328125 0.7765625 0.08203125 0.09375
3 0.53984375 0.5140625 0.12578125 0.15859375
3 0.65625 0.509375 0.1125 0.17421875
3 0.56328125 0.628125 0.1109375 0.0984375
3 0.6046875 0.721875 0.11015625 0.134375
3 0.43203125 0.75390625 0.09609375 0.09375
3 0.4203125 0.85078125 0.1015625 0.090625
3 0.28828125 0.77421875 0.07890625 0.103125
3 0.72109375 0.34375 0.1015625 0.11328125
3 0.78203125 0.41953125 0.08984375 0.12421875
3 0.7484375 0.72265625 0.08203125 0.1234375
3 0.7140625 0.8859375 0.109375 0.1171875
3 0.5921875 0.88125 0.15859375 0.10859375
3 0.784375 0.83125 0.0796875 0.11171875