1 0.62421875 0.55703125 0.6828125 0.8125
3 0.36328125 0.546875 0.121875 0.1515625
3 0.121875 0.775 0.0875 0.0984375
3 0.54609375 0.52109375 0.134375 0.165625
3 0.66484375 0.5203125 0.1203125 0.18125
3 0.56640625 0.6390625 0.1171875 0.1046875
3 0.60546875 0.7359375 0.1171875 0.140625
3 0.428125 0.7625 0.1015625 0.1
3 0.41328125 0.8609375 0.1078125 0.096875
3 0.28046875 0.778125 0.084375 0.1078125
3 0.7375 0.353125 0.1078125 0.11875
3 0.796875 0.43359375 0.096875 0.13125
3 0.7515625 0.74140625 0.0875 0.1296875
3 0.71171875 0.9078125 0.115625 0.1234375
3 0.5859375 0.8984375 0.165625 0.1171875
3 0.784375 0.8546875 0.0859375 0.1171875