1 0.59140625 0.5625 0.8171875 0.875
3 0.36015625 0.55546875 0.1640625 0.1875
3 0.053125 0.73671875 0.10625 0.1234375
3 0.559375 0.57421875 0.1796875 0.2046875
3 0.68515625 0.60234375 0.1703125 0.21875
3 0.5515625 0.70234375 0.146875 0.1375
3 0.56953125 0.8140625 0.15625 0.175
3 0.37578125 0.79921875 0.1296875 0.128125
3 0.3359375 0.89921875 0.134375 0.125
3 0.2171875 0.7796875 0.1140625 0.1328125
3 0.80234375 0.44375 0.140625 0.15
3 0.8453125 0.5421875 0.13125 0.1578125
3 0.72265625 0.85546875 0.1234375 0.15625
3 0.64296875 0.97109375 0.1421875 0.0578125
3 0.5125 0.95 0.19375 0.1
3 0.72890625 0.95546875 0.1171875 0.0890625