3 0.3 0.37109375 0.0359375 0.0453125
3 0.66875 0.3359375 0.0328125 0.0578125
3 0.72421875 0.10390625 0.0515625 0.0671875
3 0.08203125 0.4578125 0.04375 0.0328125
3 0.53359375 0.884375 0.10625 0.1015625
3 0.0171875 0.36328125 0.034375 0.04375
3 0.62109375 0.39921875 0.1140625 0.1328125
3 0.23359375 0.4765625 0.09375 0.065625
3 0.70546875 0.728125 0.05 0.0671875
3 0.9453125 0.4703125 0.109375 0.1796875
3 0.8765625 0.31484375 0.0890625 0.084375
3 0.73203125 0.2359375 0.0484375 0.0578125
3 0.05078125 0.61640625 0.1015625 0.1140625
3 0.5796875 0.8046875 0.0875 0.084375
3 0.75546875 0.9140625 0.1109375 0.0875
3 0.0890625 0.51796875 0.1671875 0.128125
3 0.08984375 0.409375 0.05 0.0625
3 0.47578125 0.09921875 0.0671875 0.0953125
3 0.24921875 0.05546875 0.0921875 0.0875
3 0.590625 0.6859375 0.1140625 0.2015625
3 0.271875 0.37578125 0.05625 0.06875
3 0.1265625 0.41171875 0.04375 0.075
3 0.2140625 0.6578125 0.0453125 0.0390625
3 0.03828125 0.4234375 0.0359375 0.059375
3 0.80078125 0.2109375 0.0953125 0.128125
3 0.7453125 0.5203125 0.3328125 0.296875
3 0.4703125 0.5625 0.3078125 0.2640625
3 0.9015625 0.9234375 0.196875 0.153125
3 0.72265625 0.27890625 0.0375 0.0375
3 0.775 0.30625 0.1078125 0.0625
3 0.275 0.3109375 0.075 0.0453125
3 0.5109375 0.853125 0.0890625 0.06875
3 0.303125 0.53359375 0.0515625 0.0625
3 0.6515625 0.7625 0.0671875 0.06875
3 0.196875 0.54375 0.0484375 0.0796875
3 0.4546875 0.43671875 0.203125 0.10625
3 0.95703125 0.3 0.0859375 0.1296875
3 0.18984375 0.86953125 0.1828125 0.1875
3 0.0703125 0.75625 0.140625 0.165625
3 0.11640625 0.34453125 0.0453125 0.0390625
3 0.29609375 0.609375 0.0484375 0.0515625
3 0.2515625 0.5 0.0515625 0.0515625
3 0.584375 0.33515625 0.0640625 0.08125
3 0.95546875 0.60078125 0.0890625 0.1296875
3 0.37421875 0.08203125 0.090625 0.090625
3 0.9421875 0.82421875 0.0796875 0.0984375
3 0.62734375 0.246875 0.0484375 0.0671875
3 0.7765625 0.3734375 0.0765625 0.05
3 0.3609375 0.81796875 0.0515625 0.06875
3 0.03125 0.04609375 0.0625 0.0921875
3 0.428125 0.90390625 0.0453125 0.0609375
3 0.1953125 0.37109375 0.103125 0.134375
3 0.865625 0.25546875 0.0640625 0.0578125
3 0.90390625 0.36484375 0.065625 0.1
3 0.90625 0.15 0.1765625 0.18125
3 0.04453125 0.475 0.046875 0.0328125
3 0.634375 0.865625 0.0953125 0.0640625
3 0.84140625 0.38828125 0.0859375 0.0796875
3 0.03515625 0.1296875 0.05 0.0328125
3 0.22109375 0.7 0.059375 0.0578125
3 0.128125 0.64140625 0.053125 0.0515625
3 0.80390625 0.75234375 0.2703125 0.2390625
3 0.52265625 0.35234375 0.11875 0.1296875
3 0.86875 0.440625 0.05625 0.0578125
3 0.37421875 0.890625 0.0796875 0.0921875
3 0.4890625 0.7765625 0.13125 0.1765625
3 0.6875 0.22109375 0.0546875 0.0515625