3 0.29140625 0.4015625 0.0453125 0.0546875
3 0.68203125 0.30859375 0.04375 0.0671875
3 0.70625 0.05078125 0.065625 0.0796875
3 0.0703125 0.528125 0.0515625 0.0421875
3 0.61953125 0.91796875 0.1296875 0.125
3 0.00390625 0.4328125 0.0078125 0.05
3 0.640625 0.38359375 0.1421875 0.159375
3 0.23515625 0.525 0.1109375 0.084375
3 0.78046875 0.72421875 0.0640625 0.0796875
3 0.96328125 0.4140625 0.0734375 0.2
3 0.9015625 0.25390625 0.109375 0.1046875
3 0.73515625 0.19140625 0.0609375 0.06875
3 0.0703125 0.7015625 0.1078125 0.134375
3 0.65703125 0.825 0.10625 0.103125
3 0.86171875 0.91171875 0.13125 0.1
3 0.0921875 0.58984375 0.184375 0.1609375
3 0.07109375 0.475 0.0625 0.075
3 0.4390625 0.08359375 0.0859375 0.1125
3 0.18984375 0.078125 0.109375 0.090625
3 0.65078125 0.696875 0.153125 0.234375
3 0.26171875 0.4109375 0.0703125 0.08125
3 0.1109375 0.471875 0.0578125 0.0875
3 0.24140625 0.72265625 0.0546875 0.0484375
3 0.0203125 0.496875 0.040625 0.06875
3 0.8046875 0.15390625 0.121875 0.1515625
3 0.7921875 0.4953125 0.4015625 0.36875
3 0.503125 0.58203125 0.3703125 0.3296875
3 0.95078125 0.88046875 0.0984375 0.1296875
3 0.73125 0.2390625 0.0453125 0.0453125
3 0.79140625 0.26015625 0.125 0.084375
3 0.25546875 0.34140625 0.0875 0.059375
3 0.590625 0.88828125 0.10625 0.0875
3 0.31875 0.57578125 0.065625 0.075
3 0.728125 0.76953125 0.0828125 0.084375
3 0.20625 0.603125 0.0640625 0.09375
3 0.46640625 0.4484375 0.234375 0.1453125
3 0.95234375 0.2296875 0.046875 0.14375
3 0.24609375 0.91875 0.2234375 0.1625
3 0.11171875 0.8484375 0.1578125 0.196875
3 0.08984375 0.40078125 0.0546875 0.0484375
3 0.32265625 0.65859375 0.059375 0.0625
3 0.2578125 0.54765625 0.0640625 0.0640625
3 0.59140625 0.31953125 0.08125 0.096875
3 0.9859375 0.553125 0.028125 0.14375
3 0.32734375 0.08046875 0.1109375 0.1109375
3 0.62421875 0.21875 0.0625 0.0796875
3 0.803125 0.3328125 0.0890625 0.065625
3 0.4234375 0.87265625 0.065625 0.08125
3 0.509375 0.9546875 0.0578125 0.071875
3 0.178125 0.4171875 0.13125 0.1609375
3 0.88125 0.1921875 0.078125 0.071875
3 0.9390625 0.30390625 0.0859375 0.1171875
3 0.87734375 0.09140625 0.1578125 0.1828125
3 0.03203125 0.55234375 0.0546875 0.0421875
3 0.725 0.8828125 0.1125 0.0828125
3 0.875 0.33828125 0.1046875 0.0984375
3 0.25625 0.7671875 0.071875 0.0703125
3 0.14765625 0.71875 0.065625 0.0640625
3 0.86328125 0.7359375 0.2734375 0.296875
3 0.52734375 0.34765625 0.146875 0.1578125
3 0.9125 0.390625 0.06875 0.0703125
3 0.4484375 0.946875 0.1 0.10625
3 0.55546875 0.80859375 0.1671875 0.209375
3 0.68515625 0.18203125 0.0671875 0.0640625