3 0.27890625 0.4234375 0.046875 0.0546875
3 0.65859375 0.31875 0.0453125 0.0671875
3 0.67421875 0.065625 0.065625 0.0796875
3 0.0671875 0.55390625 0.0515625 0.0421875
3 0.61796875 0.91796875 0.1296875 0.1265625
3 0.6203125 0.39375 0.14375 0.1609375
3 0.22890625 0.54609375 0.1109375 0.0859375
3 0.76953125 0.721875 0.0640625 0.0796875
3 0.94921875 0.41015625 0.1015625 0.2015625
3 0.87265625 0.25859375 0.109375 0.1046875
3 0.70625 0.2015625 0.0609375 0.0703125
3 0.075 0.72421875 0.1046875 0.134375
3 0.6515625 0.82578125 0.1078125 0.1046875
3 0.8546875 0.903125 0.13125 0.1015625
3 0.09296875 0.6140625 0.18125 0.1609375
3 0.065625 0.50234375 0.0640625 0.075
3 0.41328125 0.10625 0.0875 0.1125
3 0.1671875 0.10234375 0.1125 0.1078125
3 0.64140625 0.69921875 0.15625 0.23125
3 0.25 0.43359375 0.071875 0.0828125
3 0.1046875 0.4984375 0.059375 0.0859375
3 0.2421875 0.73984375 0.0546875 0.0484375
3 0.01875 0.525 0.0375 0.06875
3 0.7734375 0.16328125 0.1234375 0.1515625
3 0.77265625 0.496875 0.403125 0.371875
3 0.4921875 0.5921875 0.3703125 0.3328125
3 0.94609375 0.86640625 0.1078125 0.1359375
3 0.7046875 0.24921875 0.046875 0.046875
3 0.76484375 0.26796875 0.125 0.0859375
3 0.24140625 0.36484375 0.0875 0.0609375
3 0.5890625 0.8890625 0.10625 0.0890625
3 0.3125 0.5921875 0.065625 0.075
3 0.71953125 0.76796875 0.0828125 0.084375
3 0.203125 0.62265625 0.065625 0.0921875
3 0.453125 0.4640625 0.23125 0.1484375
3 0.934375 0.23046875 0.075 0.14375
3 0.25390625 0.92421875 0.2234375 0.1515625
3 0.12109375 0.86640625 0.1546875 0.1953125
3 0.08203125 0.42890625 0.0546875 0.0484375
3 0.31875 0.67421875 0.0609375 0.0625
3 0.25234375 0.5671875 0.0640625 0.0640625
3 0.56953125 0.3328125 0.08125 0.096875
3 0.97421875 0.54609375 0.0515625 0.1453125
3 0.303125 0.10703125 0.1109375 0.1109375
3 0.99140625 0.78046875 0.0171875 0.1140625
3 0.59921875 0.2328125 0.0625 0.0796875
3 0.778125 0.33828125 0.0890625 0.0671875
3 0.425 0.8796875 0.0671875 0.08125
3 0.51171875 0.95703125 0.059375 0.071875
3 0.16953125 0.4421875 0.1328125 0.159375
3 0.85 0.19765625 0.078125 0.071875
3 0.91015625 0.30546875 0.0875 0.1171875
3 0.85546875 0.0953125 0.1859375 0.190625
3 0.03046875 0.57890625 0.053125 0.04375
3 0.7203125 0.87890625 0.1125 0.084375
3 0.84921875 0.34140625 0.1046875 0.0984375
3 0.25703125 0.78203125 0.0734375 0.071875
3 0.14921875 0.73828125 0.065625 0.0640625
3 0.85625 0.7296875 0.2875 0.3
3 0.50859375 0.3625 0.1484375 0.1578125
3 0.88671875 0.39140625 0.0703125 0.071875
3 0.4515625 0.9484375 0.1 0.103125
3 0.55234375 0.81328125 0.1703125 0.209375
3 0.65703125 0.19453125 0.0671875 0.0640625