3 0.23515625 0.61484375 0.0921875 0.1046875
3 0.36171875 0.83046875 0.0890625 0.125
3 0.4875 0.66796875 0.071875 0.0859375
3 0.6828125 0.528125 0.078125 0.08125
3 0.75234375 0.54375 0.065625 0.0734375
3 0.82734375 0.58046875 0.0578125 0.0890625
3 0.82109375 0.53671875 0.053125 0.0609375
3 0.89296875 0.57890625 0.08125 0.115625
3 0.23671875 0.76953125 0.0875 0.0984375
3 0.16015625 0.9 0.0921875 0.1234375
3 0.0640625 0.68828125 0.0671875 0.1
3 0.11953125 0.67578125 0.0671875 0.1171875
3 0.1765625 0.703125 0.06875 0.0828125
3 0.4671875 0.8296875 0.090625 0.115625
3 0.87578125 0.7953125 0.0875 0.1375
0 0.93125 0.7765625 0.078125 0.3234375
0 0.96484375 0.5828125 0.06875 0.121875
0 0.2390625 0.4515625 0.1015625 0.1265625
0 0.0640625 0.428125 0.11875 0.0875
3 0.6 0.50546875 0.071875 0.071875