3 0.23671875 0.61796875 0.08671875 0.09921875
3 0.36875 0.8234375 0.08359375 0.1203125
3 0.48515625 0.6609375 0.06796875 0.08125
3 0.671875 0.5171875 0.0734375 0.07734375
3 0.740625 0.53046875 0.0625 0.06953125
3 0.81484375 0.56328125 0.05390625 0.0859375
3 0.8078125 0.52109375 0.05078125 0.0578125
3 0.8796875 0.559375 0.07578125 0.109375
3 0.24375 0.76875 0.0828125 0.09375
3 0.1734375 0.8984375 0.0859375 0.11875
3 0.07265625 0.69453125 0.06328125 0.09609375
3 0.12578125 0.68046875 0.0625 0.1125
3 0.1828125 0.70546875 0.06484375 0.07890625
3 0.47109375 0.81953125 0.08515625 0.1109375
3 0.86953125 0.771875 0.08046875 0.13203125
0 0.9234375 0.7515625 0.065625 0.3140625
0 0.959375 0.56171875 0.08125 0.11875
0 0.23515625 0.4578125 0.09609375 0.1203125
0 0.06328125 0.44140625 0.11328125 0.08125
3 0.590625 0.4984375 0.0671875 0.06796875