3 0.2 0.596875 0.1171875 0.1265625
3 0.2828125 0.846875 0.11875 0.146875
3 0.4484375 0.70703125 0.09375 0.103125
3 0.68125 0.60546875 0.096875 0.1
3 0.75 0.63671875 0.0828125 0.0890625
3 0.81875 0.690625 0.0796875 0.1046875
3 0.821875 0.64453125 0.06875 0.0734375
3 0.88828125 0.703125 0.1078125 0.134375
3 0.1671875 0.75703125 0.1109375 0.11875
3 0.06328125 0.85703125 0.1125 0.115625
3 0.02578125 0.63359375 0.0515625 0.1171875
3 0.06640625 0.63359375 0.0953125 0.134375
3 0.11953125 0.67421875 0.0890625 0.1
3 0.39296875 0.86953125 0.11875 0.1390625
3 0.821875 0.921875 0.11875 0.15625
0 0.878125 0.87109375 0.14375 0.2578125
0 0.94375 0.71953125 0.0625 0.13125
0 0.2390625 0.42890625 0.1328125 0.1515625
0 0.071875 0.3671875 0.1234375 0.1109375
3 0.60078125 0.5640625 0.0875 0.0890625