1 0.47265625 0.36484375 0.28984375 0.31953125
3 0.03125 0.60625 0.0625 0.059375
3 0.109375 0.603125 0.0890625 0.08828125
3 0.19140625 0.60703125 0.084375 0.08671875
3 0.27109375 0.603125 0.059375 0.09140625
3 0.31796875 0.61171875 0.0296875 0.07890625
3 0.371875 0.6140625 0.0890625 0.075
3 0.48828125 0.63203125 0.096875 0.071875
3 0.45 0.61328125 0.0359375 0.04921875
3 0.903125 0.61328125 0.19375 0.1984375
3 0.746875 0.609375 0.1296875 0.14375
3 0.6421875 0.6125 0.08046875 0.11953125
3 0.08984375 0.53046875 0.1359375 0.0984375
0 0.1828125 0.48984375 0.11796875 0.05703125
0 0.0671875 0.43203125 0.12734375 0.08359375