1 0.4734375 0.2984375 0.346875 0.3765625
3 0.02109375 0.59921875 0.0359375 0.06875
3 0.0890625 0.59140625 0.10625 0.1046875
3 0.18125 0.5890625 0.1 0.103125
3 0.26875 0.57890625 0.071875 0.10625
3 0.32109375 0.584375 0.0390625 0.090625
3 0.38125 0.5828125 0.1046875 0.0890625
3 0.5109375 0.59375 0.1125 0.0875
3 0.46796875 0.57578125 0.04375 0.0578125
3 0.9265625 0.5421875 0.146875 0.23125
3 0.796875 0.54921875 0.1546875 0.16875
3 0.68046875 0.56015625 0.0984375 0.1390625
3 0.0703125 0.5109375 0.140625 0.11875
0 0.16171875 0.46015625 0.134375 0.071875
0 0.05078125 0.40078125 0.1015625 0.1015625