1 0.46953125 0.3859375 0.340625 0.371875
3 0.053125 0.6296875 0.1046875 0.103125
3 0.14375 0.63828125 0.0984375 0.1015625
3 0.23203125 0.6390625 0.0703125 0.1046875
3 0.28359375 0.6515625 0.0375 0.090625
3 0.34296875 0.6578125 0.103125 0.0875
3 0.47109375 0.68359375 0.1125 0.0859375
3 0.4296875 0.66171875 0.04375 0.05625
3 0.9078125 0.6859375 0.1765625 0.2296875
3 0.76015625 0.67421875 0.1515625 0.1671875
3 0.64375 0.67109375 0.0953125 0.1375
3 0.05703125 0.5484375 0.1140625 0.115625
0 0.140625 0.50859375 0.134375 0.0703125
0 0.04375 0.4375 0.0875 0.096875