0 0.1015625 0.56796875 0.1984375 0.24296875
0 0.10078125 0.76484375 0.20078125 0.20390625
0 0.22421875 0.46171875 0.1125 0.115625
3 0.765625 0.74453125 0.24140625 0.20625
3 0.4828125 0.83203125 0.2796875 0.140625
3 0.43515625 0.60234375 0.1109375 0.1125
3 0.72265625 0.575 0.128125 0.14453125
3 0.640625 0.5796875 0.09921875 0.10078125
3 0.975 0.63359375 0.04921875 0.1296875
3 0.30078125 0.43359375 0.071875 0.0765625
3 0.43203125 0.44765625 0.0671875 0.06953125
3 0.6421875 0.40703125 0.0796875 0.06328125