0 0.1109375 0.609375 0.221875 0.2625
0 0.13046875 0.80546875 0.2203125 0.2234375
0 0.221875 0.490625 0.1234375 0.1265625
3 0.78984375 0.715625 0.2609375 0.2296875
3 0.51796875 0.83203125 0.2921875 0.16875
3 0.44609375 0.60859375 0.121875 0.1234375
3 0.72890625 0.5515625 0.1421875 0.1578125
3 0.6484375 0.56484375 0.109375 0.1109375
3 0.97734375 0.5828125 0.0453125 0.134375
3 0.2953125 0.4546875 0.0796875 0.084375
3 0.4265625 0.4546875 0.0734375 0.0765625
3 0.63203125 0.39296875 0.0859375 0.071875