0 0.6890625 0.49140625 0.2171875 0.06953125
0 0.07734375 0.85 0.0859375 0.21328125
0 0.359375 0.78984375 0.0671875 0.13515625
0 0.3 0.5609375 0.0890625 0.08046875
1 0.30703125 0.36328125 0.4328125 0.40390625
3 0.790625 0.7375 0.13828125 0.1515625
3 0.69140625 0.7640625 0.09375 0.0859375
3 0.6875 0.93984375 0.128125 0.1203125
3 0.4828125 0.84921875 0.075 0.09453125
3 0.3125 0.95 0.10546875 0.1
3 0.92578125 0.8609375 0.07109375 0.1078125
3 0.965625 0.753125 0.06875 0.10390625
3 0.975 0.61171875 0.05 0.1
3 0.84921875 0.925 0.08359375 0.1109375
3 0.59453125 0.94140625 0.10078125 0.1171875
3 0.45078125 0.9453125 0.1125 0.10859375