0 0.6859375 0.46484375 0.23125 0.084375
0 0.0640625 0.875 0.1015625 0.228125
0 0.35625 0.796875 0.078125 0.1453125
0 0.28203125 0.56015625 0.0984375 0.0890625
1 0.27890625 0.35234375 0.475 0.446875
3 0.8046875 0.71875 0.153125 0.1671875
3 0.703125 0.75078125 0.103125 0.0953125
3 0.70859375 0.93203125 0.140625 0.121875
3 0.48984375 0.8515625 0.0828125 0.103125
3 0.315625 0.9546875 0.115625 0.090625
3 0.95390625 0.83984375 0.08125 0.1171875
3 0.975 0.72421875 0.05 0.1109375
3 0.98125 0.5765625 0.0375 0.10625
3 0.8765625 0.9109375 0.09375 0.1203125
3 0.6109375 0.9375 0.1109375 0.11875
3 0.46015625 0.946875 0.1234375 0.10625