0 0.6890625 0.48203125 0.221875 0.0734375
0 0.07421875 0.85703125 0.090625 0.2171875
0 0.35859375 0.790625 0.0703125 0.1375
0 0.29453125 0.559375 0.0921875 0.0828125
1 0.29921875 0.3578125 0.446875 0.4171875
3 0.79609375 0.7296875 0.14375 0.15625
3 0.69609375 0.75859375 0.096875 0.0890625
3 0.69609375 0.93671875 0.13125 0.121875
3 0.4859375 0.8484375 0.078125 0.096875
3 0.3140625 0.95078125 0.109375 0.0984375
3 0.9359375 0.853125 0.075 0.1109375
3 0.96875 0.74140625 0.0625 0.1078125
3 0.97734375 0.59765625 0.0453125 0.1015625
3 0.85859375 0.91953125 0.0875 0.1140625
3 0.60078125 0.93984375 0.1046875 0.11875
3 0.4546875 0.9453125 0.115625 0.109375