1 0.5 0.47265625 1 0.9453125
3 0.54296875 0.92265625 0.1390625 0.115625
3 0.0625 0.7484375 0.125 0.121875
3 0.60234375 0.68125 0.18125 0.23125
3 0.76953125 0.82109375 0.2296875 0.225
3 0.890625 0.77265625 0.125 0.1328125
3 0.91484375 0.9125 0.071875 0.1140625
3 0.43125 0.88984375 0.09375 0.0953125
3 0.47265625 0.80078125 0.09375 0.1046875
3 0.303125 0.78359375 0.10625 0.128125
3 0.0953125 0.571875 0.08125 0.1125
3 0.24609375 0.59765625 0.1078125 0.10625
1 0.41171875 0.29609375 0.4765625 0.4984375
1 0.7640625 0.35859375 0.471875 0.6359375