1 0.54609375 0.43515625 0.8921875 0.86953125
3 0.59296875 0.86328125 0.121875 0.1
3 0.15 0.72109375 0.115625 0.10625
3 0.63984375 0.6421875 0.15703125 0.20390625
3 0.79453125 0.7640625 0.20078125 0.19609375
3 0.90234375 0.715625 0.109375 0.11640625
3 0.92890625 0.84140625 0.06171875 0.1015625
3 0.490625 0.83671875 0.08203125 0.08359375
3 0.52578125 0.7546875 0.08125 0.09296875
3 0.371875 0.74453125 0.0921875 0.1125
3 0.178125 0.56015625 0.0703125 0.0984375
3 0.31484375 0.578125 0.09375 0.09296875
1 0.4546875 0.3 0.415625 0.4359375
1 0.77734375 0.346875 0.41015625 0.56171875