1 0.5046875 0.47890625 0.990625 0.9578125
3 0.5390625 0.88125 0.15 0.13125
3 0.09140625 0.6453125 0.14375 0.1359375
3 0.6296875 0.65390625 0.20625 0.2484375
3 0.7734375 0.8140625 0.253125 0.2484375
3 0.89765625 0.78203125 0.1390625 0.1453125
3 0.90078125 0.92109375 0.0828125 0.1203125
3 0.434375 0.834375 0.103125 0.10625
3 0.4875 0.75234375 0.1046875 0.1140625
3 0.32421875 0.7125 0.1203125 0.1375
3 0.1515625 0.478125 0.09375 0.11875
3 0.2953125 0.5234375 0.11875 0.1171875
1 0.496875 0.2625 0.528125 0.525
1 0.7796875 0.359375 0.440625 0.675