3 0.12890625 0.9609375 0.1015625 0.078125
3 0.25234375 0.12734375 0.1265625 0.1
3 0.93203125 0.30390625 0.1109375 0.1140625
3 0.02109375 0.14140625 0.0421875 0.1890625
3 0.6515625 0.071875 0.175 0.1265625
3 0.08671875 0.60390625 0.159375 0.1796875
3 0.91484375 0.72109375 0.1609375 0.0890625
3 0.29609375 0.5859375 0.1578125 0.1671875
3 0.95625 0.6859375 0.0765625 0.0609375
3 0.04140625 0.71953125 0.0484375 0.065625
3 0.43984375 0.41171875 0.10625 0.0953125
3 0.871875 0.68359375 0.0796875 0.0546875
3 0.06015625 0.48046875 0.1203125 0.1171875
3 0.7359375 0.82734375 0.103125 0.0984375
3 0.94609375 0.37109375 0.1015625 0.1703125
3 0.52421875 0.89921875 0.2234375 0.2015625
3 0.85859375 0.778125 0.109375 0.1046875
3 0.81328125 0.25078125 0.18125 0.2296875
3 0.23359375 0.98125 0.1078125 0.0375
3 0.2359375 0.95546875 0.109375 0.0765625
3 0.78203125 0.740625 0.128125 0.125
3 0.225 0.809375 0.084375 0.090625
3 0.6109375 0.74453125 0.0921875 0.1015625
3 0.9109375 0.1953125 0.134375 0.165625
3 0.778125 0.928125 0.2453125 0.1140625
3 0.034375 0.66171875 0.0484375 0.084375
3 0.9421875 0.91328125 0.115625 0.0953125
3 0.21484375 0.065625 0.14375 0.090625
3 0.43515625 0.2953125 0.09375 0.075
3 0.79453125 0.875 0.1140625 0.115625
3 0.98359375 0.62109375 0.0328125 0.0921875
3 0.45859375 0.1234375 0.065625 0.075
3 0.9421875 0.5046875 0.115625 0.134375
3 0.73984375 0.40625 0.071875 0.0609375
3 0.484375 0.940625 0.19375 0.11875
3 0.653125 0.2453125 0.2796875 0.3046875
3 0.93671875 0.6453125 0.0890625 0.065625
3 0.88671875 0.359375 0.0875 0.1421875
3 0.83125 0.453125 0.065625 0.084375
3 0.08203125 0.165625 0.0765625 0.1078125
3 0.1546875 0.69609375 0.090625 0.0796875
3 0.36953125 0.7953125 0.10625 0.1109375
3 0.28671875 0.71328125 0.21875 0.1640625
3 0.39453125 0.346875 0.1640625 0.1390625
3 0.12109375 0.75859375 0.159375 0.0859375
3 0.38984375 0.4609375 0.1109375 0.0984375
3 0.45078125 0.78984375 0.0828125 0.10625
3 0.75546875 0.60078125 0.1453125 0.1484375
3 0.69296875 0.91796875 0.115625 0.1375
3 0.3390625 0.08203125 0.146875 0.13125
3 0.3671875 0.89296875 0.128125 0.1109375
3 0.23828125 0.30546875 0.159375 0.175
3 0.228125 0.1953125 0.209375 0.115625
3 0.146875 0.86953125 0.24375 0.2609375
3 0.3265625 0.3 0.0984375 0.1375
3 0.9796875 0.79453125 0.040625 0.1109375
3 0.81796875 0.840625 0.1 0.11875
3 0.6953125 0.753125 0.0953125 0.1234375
3 0.40078125 0.98515625 0.1328125 0.0296875
3 0.653125 0.85078125 0.0890625 0.115625
3 0.878125 0.54609375 0.146875 0.146875
3 0.98515625 0.72109375 0.0296875 0.1234375
3 0.41796875 0.19765625 0.0953125 0.1078125
3 0.48359375 0.03203125 0.1671875 0.0640625
3 0.2375 0.4671875 0.2609375 0.303125
3 0.6796875 0.034375 0.26875 0.06875
3 0.33359375 0.94296875 0.1265625 0.1140625
3 0.37421875 0.25390625 0.0828125 0.096875