3 0.09453125 0.94140625 0.0875 0.1171875
3 0.3 0.12265625 0.115625 0.0859375
3 0.94140625 0.3625 0.1 0.1015625
3 0.04375 0.11171875 0.0875 0.178125
3 0.69140625 0.109375 0.159375 0.10625
3 0.09140625 0.56640625 0.1390625 0.1609375
3 0.88046875 0.7640625 0.15 0.0703125
3 0.29609375 0.5703125 0.1390625 0.1484375
3 0.9234375 0.734375 0.06875 0.0515625
3 0.028125 0.6734375 0.05625 0.059375
3 0.45234375 0.41640625 0.0953125 0.0828125
3 0.8421875 0.72265625 0.0734375 0.0453125
3 0.06640625 0.44453125 0.1328125 0.1015625
3 0.696875 0.84765625 0.0921875 0.0859375
3 0.95234375 0.4296875 0.0953125 0.1578125
3 0.4859375 0.9046875 0.1984375 0.190625
3 0.81953125 0.81328125 0.096875 0.0921875
3 0.8296875 0.29921875 0.1546875 0.2078125
3 0.19296875 0.96640625 0.0984375 0.0671875
3 0.2 0.92109375 0.1 0.0640625
3 0.75 0.76875 0.1140625 0.1109375
3 0.2046875 0.77890625 0.0734375 0.08125
3 0.584375 0.75546875 0.08125 0.090625
3 0.9359375 0.2546875 0.128125 0.15
3 0.728125 0.953125 0.2296875 0.09375
3 0.02734375 0.61796875 0.0546875 0.078125
3 0.89453125 0.95703125 0.11875 0.0859375
3 0.271875 0.0484375 0.1328125 0.096875
3 0.46015625 0.30390625 0.084375 0.0640625
3 0.7484375 0.9 0.1 0.1015625
3 0.97265625 0.67578125 0.0546875 0.0859375
3 0.5 0.13984375 0.0578125 0.0671875
3 0.9390625 0.55859375 0.121875 0.1203125
3 0.74296875 0.44140625 0.065625 0.053125
3 0.440625 0.9421875 0.178125 0.115625
3 0.67578125 0.27734375 0.2453125 0.271875
3 0.909375 0.6921875 0.08125 0.05625
3 0.88984375 0.41171875 0.071875 0.13125
3 0.8265625 0.49609375 0.05625 0.0765625
3 0.13203125 0.1421875 0.0640625 0.0984375
3 0.14765625 0.66171875 0.08125 0.06875
3 0.3453125 0.7796875 0.09375 0.0984375
3 0.2734375 0.6921875 0.2 0.1390625
3 0.41484375 0.34921875 0.1484375 0.1203125
3 0.109375 0.71875 0.1484375 0.06875
3 0.9828125 0.76953125 0.034375 0.0515625
3 0.39921875 0.459375 0.0984375 0.0859375
3 0.425 0.7828125 0.0703125 0.0953125
3 0.73828125 0.63125 0.128125 0.13125
3 0.64765625 0.93515625 0.1 0.1296875
3 0.38828125 0.0875 0.13125 0.1140625
3 0.3328125 0.8734375 0.115625 0.0953125
3 0.26875 0.29296875 0.1390625 0.15625
3 0.2703125 0.1859375 0.1953125 0.0921875
3 0.11640625 0.82890625 0.228125 0.2328125
3 0.35390625 0.296875 0.0828125 0.125
3 0.96015625 0.84453125 0.0796875 0.1015625
3 0.77421875 0.86953125 0.0859375 0.10625
3 0.66484375 0.771875 0.08125 0.1125
3 0.35625 0.9796875 0.1265625 0.040625
3 0.6140625 0.8625 0.0765625 0.1046875
3 0.8625 0.590625 0.1296875 0.1296875
3 0.9703125 0.7734375 0.059375 0.115625
3 0.453125 0.20703125 0.0828125 0.096875
3 0.53359375 0.03828125 0.1578125 0.0765625
3 0.25078125 0.44921875 0.2265625 0.271875
3 0.7265625 0.0484375 0.2546875 0.096875
3 0.29453125 0.93515625 0.1109375 0.1296875
3 0.40546875 0.25703125 0.071875 0.0875