3 0.03359375 0.89921875 0.0671875 0.0859375
3 0.353125 0.0859375 0.1359375 0.1078125
3 0.96875 0.43203125 0.0625 0.1171875
3 0.09453125 0.06796875 0.0953125 0.1359375
3 0.77109375 0.1296875 0.1859375 0.1375
3 0.075 0.525 0.15 0.190625
3 0.87421875 0.853125 0.1703125 0.096875
3 0.28203125 0.5609375 0.1703125 0.178125
3 0.9234375 0.82734375 0.078125 0.0640625
3 0.0078125 0.6328125 0.015625 0.06875
3 0.471875 0.4203125 0.1140625 0.103125
3 0.83984375 0.80390625 0.084375 0.059375
3 0.06875 0.39453125 0.13125 0.125
3 0.6671875 0.915625 0.1109375 0.1046875
3 0.96875 0.50390625 0.0625 0.1765625
3 0.43671875 0.9140625 0.2328125 0.171875
3 0.80234375 0.89765625 0.1171875 0.1125
3 0.88984375 0.35234375 0.1953125 0.24375
3 0.1171875 0.940625 0.1078125 0.034375
3 0.128125 0.91875 0.115625 0.08125
3 0.73515625 0.83984375 0.1375 0.134375
3 0.15390625 0.76953125 0.090625 0.096875
3 0.5609375 0.80078125 0.1 0.109375
3 0.96484375 0.3171875 0.0703125 0.171875
3 0.68671875 0.9828125 0.2515625 0.034375
3 0.01171875 0.57109375 0.0234375 0.0859375
3 0.33125 0.03203125 0.153125 0.0640625
3 0.49609375 0.30234375 0.1 0.08125
3 0.7140625 0.95859375 0.121875 0.0828125
3 0.56328125 0.13359375 0.071875 0.0796875
3 0.94296875 0.64140625 0.0984375 0.1390625
3 0.7765625 0.490625 0.078125 0.065625
3 0.3828125 0.9515625 0.2 0.096875
3 0.7296875 0.30625 0.3015625 0.3265625
3 0.91640625 0.78203125 0.0953125 0.071875
3 0.9375 0.48125 0.096875 0.15
3 0.8578125 0.5609375 0.0703125 0.0890625
3 0.17109375 0.08125 0.0828125 0.1140625
3 0.1109375 0.6359375 0.096875 0.084375
3 0.303125 0.79140625 0.1140625 0.11875
3 0.23984375 0.68671875 0.2328125 0.178125
3 0.44140625 0.34375 0.175 0.15
3 0.07265625 0.68984375 0.1453125 0.0953125
3 0.40859375 0.4578125 0.1171875 0.10625
3 0.3875 0.80625 0.0890625 0.1125
3 0.74375 0.6921875 0.15625 0.1578125
3 0.6046875 0.9625 0.11875 0.075
3 0.4515625 0.065625 0.15625 0.13125
3 0.27578125 0.8890625 0.1375 0.11875
3 0.29453125 0.26171875 0.171875 0.1875
3 0.31171875 0.1484375 0.221875 0.128125
3 0.09453125 0.809375 0.1890625 0.278125
3 0.384375 0.27890625 0.10625 0.1453125
3 0.92265625 0.9453125 0.0515625 0.109375
3 0.74609375 0.94296875 0.1078125 0.1140625
3 0.64453125 0.83046875 0.103125 0.1328125
3 0.5765625 0.91953125 0.096875 0.1234375
3 0.88125 0.6671875 0.1578125 0.1578125
3 0.94453125 0.87421875 0.03125 0.125
3 0.50390625 0.1984375 0.103125 0.115625
3 0.6125 0.04140625 0.1765625 0.0828125
3 0.2515625 0.42578125 0.28125 0.3234375
3 0.815625 0.08125 0.2828125 0.11875
3 0.2296875 0.92265625 0.1296875 0.103125
3 0.4453125 0.24375 0.0890625 0.103125