1 0.4375 0.49765625 0.875 0.8109375
3 0.24765625 0.76953125 0.1375 0.1546875
3 0.5703125 0.49296875 0.125 0.125
3 0.6125 0.3859375 0.0796875 0.0859375
3 0.21796875 0.603125 0.1890625 0.178125
3 0.228125 0.4984375 0.125 0.103125
3 0.3078125 0.33515625 0.0875 0.08125
3 0.33203125 0.77890625 0.1015625 0.0890625
3 0.5296875 0.7078125 0.19375 0.2125
3 0.44453125 0.77734375 0.075 0.1
3 0.26640625 0.68671875 0.13125 0.103125
3 0.41796875 0.58046875 0.090625 0.0875
3 0.42109375 0.51484375 0.0765625 0.0640625
3 0.784375 0.6125 0.096875 0.103125
3 0.81875 0.68671875 0.1125 0.1140625
3 0.2859375 0.44921875 0.0859375 0.0796875