1 0.43359375 0.48125 0.72734375 0.6375
3 0.18984375 0.69296875 0.10625 0.12890625
3 0.5625 0.50625 0.10078125 0.10078125
3 0.62734375 0.41484375 0.06328125 0.0703125
3 0.2015625 0.528125 0.1546875 0.14140625
3 0.23515625 0.43046875 0.10703125 0.078125
3 0.34921875 0.29453125 0.07265625 0.06484375
3 0.2671875 0.721875 0.08515625 0.06875
3 0.47265625 0.70078125 0.15234375 0.17734375
3 0.375 0.746875 0.05390625 0.08671875
3 0.22734375 0.61875 0.11328125 0.0765625
3 0.39609375 0.553125 0.07421875 0.0703125
3 0.41484375 0.4921875 0.06484375 0.04765625
3 0.73671875 0.67109375 0.07578125 0.08515625
3 0.75234375 0.75 0.08984375 0.09296875
3 0.30234375 0.39765625 0.07109375 0.06328125