1 0.4484375 0.4984375 0.8765625 0.7984375
3 0.2265625 0.7640625 0.134375 0.1546875
3 0.58984375 0.50390625 0.1234375 0.1234375
3 0.64296875 0.39609375 0.0796875 0.0859375
3 0.2109375 0.5875 0.1875 0.175
3 0.23046875 0.47890625 0.1265625 0.1
3 0.328125 0.31484375 0.0875 0.08125
3 0.3125 0.78125 0.1015625 0.0875
3 0.52734375 0.725 0.190625 0.2125
3 0.43125 0.78984375 0.071875 0.1015625
3 0.25390625 0.67890625 0.1328125 0.1
3 0.42109375 0.58125 0.090625 0.0875
3 0.43046875 0.51328125 0.0765625 0.0625
3 0.80234375 0.64921875 0.0953125 0.103125
3 0.83125 0.73046875 0.1109375 0.1140625
3 0.29609375 0.43203125 0.0859375 0.0796875