1 0.22265625 0.24921875 0.4421875 0.4984375
3 0.0796875 0.6453125 0.159375 0.234375
3 0.2359375 0.70859375 0.1921875 0.2125
3 0.07890625 0.8703125 0.1578125 0.1875
3 0.1703125 0.92109375 0.128125 0.1046875
3 0.32734375 0.921875 0.1296875 0.1359375
3 0.55390625 0.51953125 0.1125 0.13125
3 0.80546875 0.69921875 0.1375 0.1375
3 0.73125 0.9078125 0.125 0.1359375
3 0.625 0.884375 0.1265625 0.1546875
3 0.48671875 0.93125 0.1296875 0.1375
3 0.7734375 0.95546875 0.15 0.0890625
3 0.89609375 0.73203125 0.1359375 0.178125
0 0.37890625 0.51015625 0.2296875 0.196875