1 0.196875 0.3046875 0.39375 0.46015625
3 0.1171875 0.69765625 0.1296875 0.2046875
3 0.26875 0.740625 0.159375 0.18046875
3 0.13828125 0.9109375 0.1359375 0.1703125
3 0.2296875 0.94765625 0.11015625 0.09609375
3 0.37421875 0.9359375 0.11015625 0.128125
3 0.54375 0.5359375 0.09296875 0.1125
3 0.79296875 0.67734375 0.11640625 0.115625
3 0.74453125 0.87578125 0.1046875 0.115625
3 0.6453125 0.86484375 0.1046875 0.1328125
3 0.52265625 0.9296875 0.1078125 0.1328125
3 0.79296875 0.9421875 0.12890625 0.115625
3 0.8796875 0.69765625 0.1109375 0.15390625
0 0.38125 0.54375 0.19765625 0.1625