1 0.23359375 0.2625 0.4671875 0.525
3 0.08515625 0.64921875 0.165625 0.2296875
3 0.23203125 0.71796875 0.1921875 0.2109375
3 0.07734375 0.85859375 0.1546875 0.1765625
3 0.16015625 0.91171875 0.125 0.0953125
3 0.31015625 0.92109375 0.128125 0.125
3 0.5453125 0.55390625 0.1125 0.1296875
3 0.77734375 0.7375 0.1375 0.1375
3 0.6953125 0.9328125 0.125 0.134375
3 0.5953125 0.90546875 0.128125 0.1515625
3 0.46171875 0.93671875 0.1296875 0.1265625
3 0.734375 0.96796875 0.146875 0.0640625
3 0.86171875 0.77265625 0.1375 0.175
0 0.37890625 0.53515625 0.228125 0.196875