3 0.74921875 0.396875 0.2484375 0.3265625
3 0.58515625 0.16796875 0.153125 0.25
3 0.87578125 0.1671875 0.140625 0.2
3 0.93984375 0.2640625 0.1203125 0.171875
3 0.73671875 0.97421875 0.0984375 0.0515625
3 0.6828125 0.9734375 0.08125 0.053125
3 0.16640625 0.8140625 0.0953125 0.125
3 0.225 0.7875 0.125 0.15
3 0.31953125 0.878125 0.10625 0.109375
3 0.58203125 0.89453125 0.1046875 0.1703125
3 0.04296875 0.859375 0.0859375 0.10625
3 0.03984375 0.79453125 0.0796875 0.1234375
3 0.115625 0.7484375 0.0953125 0.1390625
3 0.79453125 0.98125 0.0890625 0.0375