3 0.703125 0.334375 0.225 0.3125
3 0.46875 0.1796875 0.134375 0.2421875
3 0.73828125 0.08671875 0.1296875 0.1734375
3 0.84140625 0.140625 0.125 0.1625
3 0.909375 0.9 0.0859375 0.103125
3 0.85859375 0.91171875 0.071875 0.0921875
3 0.309375 0.928125 0.0859375 0.11875
3 0.3546875 0.8828125 0.1140625 0.14375
3 0.475 0.9328125 0.1 0.1015625
3 0.725 0.8546875 0.0921875 0.165625
3 0.20234375 0.984375 0.0953125 0.03125
3 0.184375 0.94765625 0.071875 0.1046875
3 0.2390625 0.8859375 0.0859375 0.134375
3 0.96484375 0.89140625 0.0703125 0.1015625