3 0.6953125 0.37421875 0.17734375 0.275
3 0.49609375 0.19765625 0.09765625 0.21875
3 0.7640625 0.128125 0.096875 0.19140625
3 0.8515625 0.2109375 0.09921875 0.1421875
3 0.815625 0.94453125 0.0703125 0.1109375
3 0.7640625 0.94765625 0.05625 0.1046875
3 0.2484375 0.87890625 0.06796875 0.10390625
3 0.296875 0.8421875 0.0921875 0.12421875
3 0.403125 0.90546875 0.08359375 0.0859375
3 0.64765625 0.86484375 0.06640625 0.14921875
3 0.1375 0.9546875 0.08203125 0.08984375
3 0.128125 0.8890625 0.05390625 0.10703125
3 0.1875 0.83046875 0.06484375 0.11953125
3 0.871875 0.9421875 0.06171875 0.11015625