3 0.37109375 0.8578125 0.096875 0.1140625
3 0.6578125 0.825 0.1125 0.134375
3 0.70234375 0.70234375 0.121875 0.215625
3 0.153125 0.7640625 0.0875 0.10625
3 0.16875 0.6203125 0.1015625 0.115625
3 0.2796875 0.50546875 0.16875 0.234375
3 0.3703125 0.51328125 0.0765625 0.1109375
3 0.4046875 0.33125 0.0796875 0.1109375
3 0.54453125 0.66328125 0.353125 0.334375
3 0.68125 0.53203125 0.0703125 0.08125
3 0.95234375 0.53515625 0.0953125 0.1515625
3 0.896875 0.378125 0.0875 0.16875
3 0.77109375 0.5828125 0.0953125 0.084375
3 0.77890625 0.46875 0.084375 0.096875