3 0.34296875 0.8609375 0.1015625 0.1171875
3 0.63046875 0.84296875 0.11875 0.1390625
3 0.68203125 0.72265625 0.13125 0.21875
3 0.13046875 0.75625 0.0921875 0.109375
3 0.153125 0.61328125 0.10625 0.1203125
3 0.2703125 0.50390625 0.178125 0.240625
3 0.359375 0.51640625 0.08125 0.1140625
3 0.4046875 0.33671875 0.084375 0.1140625
3 0.5265625 0.675 0.3671875 0.35
3 0.66953125 0.5515625 0.075 0.084375
3 0.94453125 0.5703125 0.1109375 0.15625
3 0.89296875 0.409375 0.0953125 0.1703125
3 0.75625 0.6078125 0.0984375 0.0875
3 0.7703125 0.49375 0.0890625 0.1