3 0.40078125 0.8515625 0.08125 0.1
3 0.66953125 0.78671875 0.09453125 0.11796875
3 0.69765625 0.66484375 0.09375 0.19609375
3 0.1828125 0.78828125 0.0734375 0.09296875
3 0.18046875 0.64921875 0.08515625 0.1015625
3 0.2734375 0.52734375 0.13671875 0.209375
3 0.359375 0.5234375 0.0609375 0.1
3 0.37109375 0.346875 0.06484375 0.0984375
3 0.54296875 0.64609375 0.30625 0.2859375
3 0.6578125 0.5046875 0.06015625 0.07109375
3 0.921875 0.478125 0.0859375 0.1359375
3 0.84453125 0.334375 0.06484375 0.15390625
3 0.74921875 0.54375 0.08359375 0.07109375
3 0.74296875 0.434375 0.07109375 0.084375