3 0.61796875 0.9 0.153125 0.2
3 0.38828125 0.88828125 0.13359375 0.21796875
3 0.09375 0.73828125 0.0921875 0.11484375
3 0.0296875 0.85859375 0.05625 0.1296875
3 0.146875 0.9421875 0.10625 0.11484375
3 0.1125 0.846875 0.13359375 0.14765625
3 0.18828125 0.43125 0.1171875 0.15234375
3 0.31796875 0.396875 0.1140625 0.11953125
3 0.6203125 0.453125 0.1140625 0.1265625
3 0.61796875 0.56953125 0.10546875 0.159375
3 0.5234375 0.578125 0.10546875 0.1359375
3 0.6234375 0.7484375 0.09375 0.12109375
3 0.51640625 0.81484375 0.09765625 0.15546875
3 0.0578125 0.30625 0.065625 0.06875