3 0.540625 0.9109375 0.19375 0.178125
3 0.31015625 0.8671875 0.178125 0.2265625
3 0.04921875 0.6625 0.0984375 0.1375
3 0.0578125 0.86875 0.115625 0.1125
3 0.059375 0.77734375 0.11875 0.1796875
3 0.20234375 0.36953125 0.1515625 0.1796875
3 0.3421875 0.3625 0.1421875 0.146875
3 0.6390625 0.4859375 0.14375 0.1546875
3 0.6109375 0.6046875 0.1421875 0.1859375
3 0.5125 0.59296875 0.1375 0.1609375
3 0.57734375 0.78828125 0.121875 0.14375
3 0.45390625 0.8328125 0.1328125 0.1796875
3 0.096875 0.2140625 0.08125 0.084375