3 0.6609375 0.88046875 0.1859375 0.221875
3 0.42578125 0.89140625 0.1671875 0.2171875
3 0.103125 0.79296875 0.109375 0.13125
3 0.06953125 0.92421875 0.046875 0.1375
3 0.1859375 0.9640625 0.125 0.071875
3 0.13828125 0.9015625 0.1578125 0.1703125
3 0.15625 0.465625 0.1421875 0.171875
3 0.28359375 0.4125 0.134375 0.1390625
3 0.60078125 0.42578125 0.134375 0.146875
3 0.615625 0.5453125 0.13125 0.178125
3 0.51953125 0.56796875 0.1265625 0.1546875
3 0.64609375 0.728125 0.1140625 0.1375
3 0.546875 0.81171875 0.121875 0.171875
3 0.02109375 0.35546875 0.0421875 0.0796875