3 0.8703125 0.7078125 0.09296875 0.1484375
3 0.8546875 0.8234375 0.0953125 0.11015625
3 0.56015625 0.78046875 0.09375 0.12421875
3 0.0703125 0.8046875 0.140625 0.159375
3 0.26640625 0.8203125 0.08203125 0.06484375
3 0.34296875 0.80390625 0.07109375 0.08046875
3 0.39921875 0.83359375 0.04609375 0.1
3 0.3859375 0.95546875 0.0828125 0.0765625
3 0.45703125 0.9359375 0.0484375 0.06796875
3 0.53828125 0.890625 0.0703125 0.14140625
3 0.596875 0.9 0.1 0.09453125
3 0.703125 0.8421875 0.15078125 0.16796875
3 0.971875 0.81796875 0.05625 0.1484375
3 0.21875 0.89375 0.06171875 0.0703125