3 0.859375 0.7390625 0.10625 0.1578125
3 0.83359375 0.85390625 0.1046875 0.1203125
3 0.540625 0.78515625 0.1046875 0.1328125
3 0.0609375 0.7671875 0.121875 0.171875
3 0.240625 0.8 0.0875 0.071875
3 0.31953125 0.78984375 0.078125 0.0875
3 0.3734375 0.82421875 0.05625 0.1046875
3 0.34921875 0.94609375 0.090625 0.084375
3 0.42265625 0.9328125 0.0546875 0.0734375
3 0.50859375 0.89453125 0.0828125 0.1484375
3 0.5671875 0.90859375 0.109375 0.103125
3 0.6796875 0.86015625 0.1671875 0.1828125
3 0.946875 0.85859375 0.059375 0.153125
3 0.18671875 0.86953125 0.06875 0.0765625