3 0.86953125 0.76640625 0.103125 0.1625
3 0.85 0.89140625 0.1046875 0.121875
3 0.53125 0.83984375 0.103125 0.1375
3 0.03828125 0.85703125 0.0765625 0.1734375
3 0.2125 0.87734375 0.090625 0.071875
3 0.2953125 0.86015625 0.078125 0.0890625
3 0.35546875 0.89453125 0.0515625 0.109375
3 0.41640625 0.98359375 0.053125 0.0296875
3 0.5046875 0.93984375 0.078125 0.1203125
3 0.56875 0.95859375 0.109375 0.0828125
3 0.68515625 0.9078125 0.1671875 0.184375
3 0.96953125 0.8875 0.05 0.1625
3 0.159375 0.9546875 0.06875 0.078125