3 0.65625 0.415625 0.0375 0.0265625
3 0.2484375 0.72265625 0.071875 0.0859375
3 0.50234375 0.646875 0.0921875 0.103125
3 0.14140625 0.71640625 0.0671875 0.0484375
3 0.15078125 0.5546875 0.0515625 0.0375
3 0.24765625 0.63125 0.0484375 0.046875
3 0.36953125 0.559375 0.0359375 0.059375
3 0.946875 0.4171875 0.0515625 0.0515625
3 0.12890625 0.65859375 0.0703125 0.071875
3 0.91171875 0.4859375 0.0515625 0.0546875
3 0.0828125 0.49765625 0.071875 0.0734375
3 0.93828125 0.6296875 0.06875 0.0515625
3 0.51796875 0.8703125 0.1984375 0.1125
3 0.33515625 0.5234375 0.046875 0.0625
3 0.06953125 0.76484375 0.0859375 0.096875
3 0.9484375 0.2484375 0.0734375 0.046875
3 0.71171875 0.34375 0.0328125 0.05
3 0.6984375 0.26484375 0.0328125 0.0515625
3 0.9828125 0.38671875 0.034375 0.0390625
3 0.74296875 0.6109375 0.0484375 0.059375
3 0.7734375 0.35859375 0.0484375 0.0796875
3 0.04453125 0.83671875 0.0703125 0.0453125
3 0.1546875 0.515625 0.053125 0.0578125
3 0.0546875 0.65234375 0.0625 0.06875
3 0.8703125 0.6671875 0.0484375 0.034375
3 0.24375 0.90703125 0.1203125 0.10625
3 0.3875 0.73203125 0.1 0.0734375
3 0.7375 0.43828125 0.0859375 0.0640625
3 0.63671875 0.65 0.0765625 0.0625
3 0.3171875 0.66640625 0.0890625 0.1078125
3 0.8703125 0.46328125 0.0359375 0.05625
3 0.13984375 0.7671875 0.053125 0.0640625
3 0.20390625 0.66875 0.078125 0.0609375
3 0.5828125 0.61171875 0.0671875 0.0625
3 0.54921875 0.434375 0.03125 0.084375
3 0.27578125 0.52578125 0.0625 0.0765625
3 0.19140625 0.7296875 0.065625 0.0921875
3 0.83203125 0.60390625 0.0390625 0.0578125
3 0.10078125 0.8078125 0.090625 0.0796875
3 0.7 0.54765625 0.046875 0.053125
3 0.1625 0.6125 0.05625 0.065625
3 0.39140625 0.66640625 0.053125 0.06875
3 0.028125 0.7203125 0.05625 0.0875
3 0.50703125 0.340625 0.0421875 0.0375
3 0.6875 0.59453125 0.090625 0.0796875
3 0.57421875 0.50078125 0.05625 0.0609375
3 0.88984375 0.34296875 0.053125 0.040625
3 0.37890625 0.6046875 0.0609375 0.0640625
3 0.47578125 0.7828125 0.0640625 0.059375
3 0.15390625 0.390625 0.165625 0.1296875
3 0.4015625 0.57734375 0.0515625 0.078125
3 0.49609375 0.3734375 0.0390625 0.040625
3 0.134375 0.4546875 0.0515625 0.053125
3 0.5125 0.4078125 0.034375 0.0453125
3 0.03828125 0.52890625 0.0609375 0.1203125
3 0.23671875 0.765625 0.0609375 0.090625
3 0.05 0.95546875 0.1 0.0890625
3 0.5890625 0.45703125 0.0421875 0.034375
3 0.79921875 0.48046875 0.040625 0.0421875
3 0.3296875 0.6125 0.0765625 0.078125
3 0.559375 0.3671875 0.0375 0.05
3 0.578125 0.746875 0.0828125 0.0703125
3 0.3625 0.4921875 0.0515625 0.046875
3 0.58203125 0.671875 0.0546875 0.084375
3 0.6453125 0.38828125 0.03125 0.034375
3 0.571875 0.8171875 0.0859375 0.0609375
3 0.3890625 0.51328125 0.0546875 0.0484375
3 0.22734375 0.56953125 0.034375 0.046875
3 0.75 0.50546875 0.040625 0.0515625
3 0.53671875 0.28125 0.05625 0.0484375
3 0.06640625 0.68828125 0.05625 0.0390625
3 0.3140625 0.4421875 0.05 0.0390625
3 0.89140625 0.41875 0.034375 0.040625
3 0.86875 0.38125 0.04375 0.046875