3 0.69921875 0.41875 0.040625 0.0296875
3 0.253125 0.74375 0.0796875 0.09375
3 0.528125 0.66640625 0.1015625 0.1140625
3 0.1375 0.734375 0.0734375 0.053125
3 0.15078125 0.559375 0.05625 0.0421875
3 0.25390625 0.64453125 0.053125 0.0515625
3 0.3859375 0.56875 0.040625 0.0640625
3 0.99140625 0.425 0.0171875 0.05625
3 0.12421875 0.671875 0.0765625 0.078125
3 0.97265625 0.49921875 0.0546875 0.0609375
3 0.07734375 0.496875 0.078125 0.08125
3 0.9796875 0.6546875 0.0359375 0.05625
3 0.54140625 0.9078125 0.2171875 0.125
3 0.35 0.5296875 0.0515625 0.06875
3 0.05859375 0.78515625 0.0953125 0.10625
3 0.9875 0.2421875 0.025 0.05
3 0.7609375 0.3421875 0.0359375 0.0546875
3 0.746875 0.25625 0.0359375 0.05625
3 0.7890625 0.63125 0.053125 0.065625
3 0.8265625 0.359375 0.053125 0.0875
3 0.034375 0.8625 0.06875 0.05
3 0.15546875 0.5171875 0.059375 0.0640625
3 0.04453125 0.66328125 0.06875 0.075
3 0.92578125 0.6953125 0.053125 0.0390625
3 0.24296875 0.9390625 0.13125 0.1140625
3 0.40234375 0.75625 0.109375 0.08125
3 0.7859375 0.44453125 0.09375 0.071875
3 0.6734375 0.671875 0.084375 0.06875
3 0.328125 0.68359375 0.0984375 0.11875
3 0.9296875 0.475 0.040625 0.0609375
3 0.13359375 0.7890625 0.059375 0.0703125
3 0.20546875 0.68359375 0.0859375 0.0671875
3 0.615625 0.6296875 0.0734375 0.06875
3 0.5828125 0.4375 0.0359375 0.0921875
3 0.28515625 0.53046875 0.06875 0.084375
3 0.190625 0.74921875 0.0734375 0.1015625
3 0.88515625 0.62578125 0.04375 0.0625
3 0.090625 0.8328125 0.0984375 0.0875
3 0.74453125 0.5625 0.0515625 0.059375
3 0.16171875 0.621875 0.0625 0.071875
3 0.4078125 0.68515625 0.059375 0.075
3 0.02265625 0.7359375 0.0453125 0.096875
3 0.5390625 0.33515625 0.0453125 0.0421875
3 0.7296875 0.6125 0.0984375 0.0875
3 0.60859375 0.509375 0.0625 0.0671875
3 0.953125 0.34453125 0.0578125 0.0453125
3 0.3953125 0.61875 0.0671875 0.0703125
3 0.496875 0.8125 0.0703125 0.065625
3 0.15703125 0.38203125 0.18125 0.1421875
3 0.42109375 0.5890625 0.05625 0.0859375
3 0.5265625 0.37109375 0.0421875 0.04375
3 0.134375 0.4515625 0.05625 0.059375
3 0.54375 0.4078125 0.0390625 0.05
3 0.03125 0.5296875 0.0625 0.13125
3 0.23828125 0.7890625 0.0671875 0.0984375
3 0.04375 0.96640625 0.0875 0.0515625
3 0.62578125 0.4625 0.0453125 0.0390625
3 0.85234375 0.4921875 0.0453125 0.0453125
3 0.3421875 0.62578125 0.084375 0.0859375
3 0.5953125 0.36484375 0.0421875 0.0546875
3 0.60859375 0.775 0.090625 0.0765625
3 0.3796875 0.49609375 0.05625 0.0515625
3 0.6140625 0.69453125 0.0609375 0.0921875
3 0.68828125 0.3890625 0.034375 0.0375
3 0.6 0.8515625 0.09375 0.0671875
3 0.40859375 0.51953125 0.0609375 0.053125
3 0.23203125 0.57734375 0.0390625 0.0515625
3 0.79921875 0.51796875 0.0453125 0.05625
3 0.57265625 0.271875 0.0625 0.053125
3 0.05625 0.70234375 0.0609375 0.04375
3 0.328125 0.44140625 0.0546875 0.04375
3 0.953125 0.4265625 0.0375 0.04375
3 0.9296875 0.3859375 0.0484375 0.0515625