3 0.64765625 0.403125 0.0390625 0.0296875
3 0.265625 0.746875 0.0796875 0.0921875
3 0.5140625 0.6484375 0.1015625 0.1109375
3 0.1578125 0.75 0.071875 0.0546875
3 0.153125 0.58671875 0.0546875 0.0421875
3 0.25703125 0.65546875 0.0515625 0.0515625
3 0.37265625 0.57265625 0.040625 0.0625
3 0.93984375 0.37890625 0.05625 0.05625
3 0.140625 0.69296875 0.0765625 0.078125
3 0.91015625 0.4515625 0.05625 0.059375
3 0.08046875 0.5359375 0.078125 0.0796875
3 0.95 0.59296875 0.0734375 0.0578125
3 0.54921875 0.87109375 0.209375 0.1296875
3 0.3359375 0.53984375 0.0515625 0.0671875
3 0.090625 0.8046875 0.0953125 0.1046875
3 0.9265625 0.21015625 0.078125 0.053125
3 0.69765625 0.3265625 0.0375 0.053125
3 0.67734375 0.2484375 0.0375 0.0546875
3 0.971875 0.34609375 0.0359375 0.0421875
3 0.7515625 0.59140625 0.053125 0.0640625
3 0.76015625 0.3359375 0.0546875 0.084375
3 0.07109375 0.8796875 0.075 0.0515625
3 0.15390625 0.54765625 0.0578125 0.0625
3 0.06484375 0.69296875 0.06875 0.075
3 0.884375 0.63671875 0.0515625 0.0390625
3 0.27734375 0.93203125 0.1296875 0.1171875
3 0.40625 0.74453125 0.10625 0.0828125
3 0.73125 0.41953125 0.0921875 0.071875
3 0.6484375 0.63984375 0.0828125 0.0703125
3 0.33046875 0.684375 0.0984375 0.115625
3 0.86640625 0.4328125 0.040625 0.059375
3 0.1609375 0.80078125 0.0578125 0.06875
3 0.2171875 0.696875 0.084375 0.0671875
3 0.59140625 0.60625 0.0734375 0.06875
3 0.5421875 0.43125 0.0390625 0.0875
3 0.27578125 0.546875 0.0703125 0.0828125
3 0.209375 0.759375 0.075 0.0984375
3 0.840625 0.5765625 0.04375 0.0609375
3 0.12578125 0.84453125 0.0984375 0.0875
3 0.70390625 0.53125 0.0515625 0.05625
3 0.16953125 0.64453125 0.0625 0.0703125
3 0.40390625 0.678125 0.059375 0.0734375
3 0.046875 0.7640625 0.059375 0.0921875
3 0.49140625 0.34140625 0.0453125 0.040625
3 0.69453125 0.58046875 0.0984375 0.0875
3 0.5734375 0.49609375 0.0609375 0.065625
3 0.87578125 0.31015625 0.05625 0.0453125
3 0.38671875 0.6171875 0.065625 0.0703125
3 0.49921875 0.78671875 0.0703125 0.0640625
3 0.1421875 0.42265625 0.1765625 0.14375
3 0.40625 0.58828125 0.0578125 0.0828125
3 0.48359375 0.375 0.0421875 0.04375
3 0.128125 0.48828125 0.05625 0.0578125
3 0.503125 0.4078125 0.0375 0.0484375
3 0.03828125 0.57109375 0.071875 0.1265625
3 0.2578125 0.790625 0.06875 0.096875
3 0.0890625 0.9734375 0.103125 0.053125
3 0.584375 0.45078125 0.0453125 0.0375
3 0.796875 0.45625 0.04375 0.0453125
3 0.33828125 0.6296875 0.084375 0.0859375
3 0.54609375 0.36328125 0.0421875 0.053125
3 0.59921875 0.7421875 0.0890625 0.078125
3 0.36015625 0.50625 0.0546875 0.0515625
3 0.59609375 0.66640625 0.0625 0.0890625
3 0.634375 0.3765625 0.034375 0.0375
3 0.5984375 0.8140625 0.0921875 0.06875
3 0.38828125 0.525 0.059375 0.053125
3 0.23125 0.5953125 0.0390625 0.05
3 0.75 0.48515625 0.0453125 0.0546875
3 0.515625 0.27890625 0.0609375 0.053125
3 0.0796875 0.72890625 0.059375 0.04375
3 0.30703125 0.46015625 0.053125 0.04375
3 0.88359375 0.3859375 0.0375 0.04375
3 0.8578125 0.35 0.0484375 0.05