3 0.08125 0.9375 0.1171875 0.125
3 0.19453125 0.68671875 0.1171875 0.12265625
3 0.19140625 0.5421875 0.07109375 0.09453125
1 0.28359375 0.5546875 0.5671875 0.890625
3 0.45859375 0.7171875 0.06875 0.075
3 0.29140625 0.6390625 0.07109375 0.09453125
3 0.4625 0.46484375 0.13046875 0.23828125
3 0.459375 0.6125 0.0734375 0.1609375
3 0.3265625 0.528125 0.0984375 0.11640625
3 0.1640625 0.9109375 0.07109375 0.11328125
3 0.2625 0.74140625 0.08671875 0.07734375
3 0.34375 0.67421875 0.053125 0.090625
3 0.17578125 0.46640625 0.06171875 0.06171875