3 0.01796875 0.88046875 0.0359375 0.0984375
3 0.12734375 0.65625 0.1453125 0.1515625
3 0.1484375 0.50078125 0.0921875 0.1125
1 0.3109375 0.50703125 0.621875 0.9859375
3 0.40390625 0.7328125 0.0859375 0.0921875
3 0.2390625 0.62109375 0.0921875 0.1125
3 0.45 0.46328125 0.1796875 0.2765625
3 0.421875 0.62109375 0.1046875 0.184375
3 0.29453125 0.509375 0.125 0.140625
3 0.0578125 0.88125 0.0921875 0.11875
3 0.190625 0.72578125 0.10625 0.096875
3 0.28828125 0.66796875 0.071875 0.10625
3 0.14453125 0.41796875 0.0765625 0.0765625