3 0.01328125 0.83515625 0.0265625 0.1390625
3 0.12890625 0.596875 0.1546875 0.159375
3 0.159375 0.43984375 0.0984375 0.11875
1 0.33125 0.5 0.6625 1
3 0.40703125 0.68984375 0.090625 0.096875
3 0.24453125 0.5671875 0.0984375 0.11875
3 0.46875 0.41796875 0.1953125 0.2859375
3 0.43203125 0.5765625 0.115625 0.1890625
3 0.30703125 0.45546875 0.1328125 0.1484375
3 0.0484375 0.83046875 0.096875 0.1390625
3 0.18984375 0.6703125 0.1109375 0.103125
3 0.29296875 0.6171875 0.078125 0.109375
3 0.159375 0.3546875 0.08125 0.08125