0 0.5546875 0.4765625 0.2359375 0.121875
0 0.76875 0.56796875 0.1546875 0.0953125
0 0.03125 0.540625 0.0625 0.2
3 0.3640625 0.78828125 0.09375 0.084375
3 0.38046875 0.72265625 0.059375 0.0578125
3 0.1984375 0.78359375 0.128125 0.1171875
3 0.12578125 0.68671875 0.103125 0.1046875
3 0.0046875 0.66484375 0.009375 0.0859375
3 0.5515625 0.9484375 0.0984375 0.09375
3 0.90546875 0.9703125 0.0984375 0.059375
3 0.9484375 0.690625 0.0703125 0.065625
3 0.32578125 0.503125 0.1171875 0.1015625
3 0.2125 0.5296875 0.16875 0.1421875