0 0.55 0.47578125 0.21953125 0.0953125
0 0.765625 0.5421875 0.1421875 0.078125
0 0.0375 0.5921875 0.07265625 0.18984375
3 0.3984375 0.7953125 0.08359375 0.0734375
3 0.4078125 0.7296875 0.053125 0.05078125
3 0.23828125 0.80703125 0.1140625 0.1015625
3 0.15859375 0.721875 0.08984375 0.09296875
3 0.0203125 0.71484375 0.03984375 0.08125
3 0.5953125 0.93125 0.08671875 0.0828125
3 0.9453125 0.93359375 0.09453125 0.0828125
3 0.95078125 0.6421875 0.06171875 0.0578125
3 0.3328125 0.52421875 0.10546875 0.08828125
3 0.22578125 0.56171875 0.1515625 0.121875