0 0.55 0.46484375 0.2359375 0.134375
0 0.7765625 0.49296875 0.1546875 0.103125
0 0.059375 0.67109375 0.10625 0.2015625
3 0.45546875 0.809375 0.0953125 0.0875
3 0.45234375 0.74296875 0.0625 0.059375
3 0.29765625 0.85 0.13125 0.1203125
3 0.20390625 0.778125 0.10625 0.1078125
3 0.0640625 0.7953125 0.053125 0.0890625
3 0.67578125 0.91015625 0.1 0.096875
3 0.984375 0.84921875 0.03125 0.0984375
3 0.971875 0.559375 0.05625 0.06875
3 0.34140625 0.5515625 0.1203125 0.10625
3 0.2421875 0.60703125 0.1734375 0.146875