3 0.9359375 0.771875 0.0546875 0.0671875
3 0.45 0.41015625 0.040625 0.0359375
3 0.8890625 0.3 0.1875 0.1921875
3 0.2 0.36328125 0.0703125 0.1078125
3 0.08125 0.4703125 0.0359375 0.03125
3 0.9484375 0.428125 0.075 0.1109375
3 0.37890625 0.50234375 0.0765625 0.1140625
3 0.6359375 0.2015625 0.0671875 0.0453125
3 0.7875 0.32734375 0.0421875 0.0328125
3 0.41171875 0.85703125 0.0984375 0.125
3 0.94296875 0.72421875 0.090625 0.096875
3 0.88046875 0.4390625 0.0671875 0.05625
3 0.2671875 0.60625 0.053125 0.0515625
3 0.0375 0.89765625 0.075 0.0796875
3 0.1796875 0.453125 0.05 0.0734375
3 0.5953125 0.27578125 0.040625 0.0359375
3 0.08359375 0.69921875 0.05 0.075
3 0.540625 0.2640625 0.04375 0.046875
3 0.4671875 0.584375 0.096875 0.09375
3 0.18515625 0.578125 0.04375 0.0546875
3 0.4015625 0.4453125 0.04375 0.0421875
3 0.7546875 0.32109375 0.0234375 0.0796875
3 0.33359375 0.83046875 0.0671875 0.0875
3 0.66484375 0.48359375 0.0953125 0.0609375
3 0.69296875 0.2359375 0.034375 0.0390625
3 0.496875 0.3265625 0.0421875 0.0375
3 0.290625 0.68203125 0.1546875 0.134375
3 0.08984375 0.61484375 0.06875 0.0609375
3 0.84296875 0.41328125 0.065625 0.0578125
3 0.1515625 0.5765625 0.0625 0.115625
3 0.04765625 0.5640625 0.06875 0.0734375
3 0.1625 0.871875 0.0953125 0.071875
3 0.39296875 0.6 0.05625 0.046875
3 0.8390625 0.37265625 0.0546875 0.0609375
3 0.84609375 0.640625 0.05625 0.0421875
3 0.346875 0.38828125 0.034375 0.0421875
3 0.6625 0.26796875 0.03125 0.03125
3 0.703125 0.47734375 0.065625 0.0515625
3 0.053125 0.39140625 0.1046875 0.08125
3 0.31015625 0.43828125 0.0578125 0.0546875
3 0.92265625 0.953125 0.1546875 0.09375
3 0.53515625 0.384375 0.0359375 0.0359375
3 0.40078125 0.36484375 0.040625 0.059375
3 0.17265625 0.71484375 0.05625 0.0609375
3 0.45546875 0.50703125 0.0453125 0.040625
3 0.7609375 0.61328125 0.0890625 0.0953125
3 0.11484375 0.5265625 0.0671875 0.0484375
3 0.14296875 0.4453125 0.025 0.0296875
3 0.2265625 0.490625 0.0921875 0.1109375
3 0.37734375 0.5421875 0.034375 0.040625
3 0.084375 0.51484375 0.0375 0.0390625
3 0.76484375 0.2640625 0.06875 0.1078125
3 0.084375 0.35859375 0.05 0.0375
3 0.0484375 0.528125 0.0484375 0.034375
3 0.2984375 0.321875 0.0234375 0.0390625
3 0.92578125 0.2109375 0.028125 0.0296875
3 0.78828125 0.35546875 0.040625 0.04375
3 0.43515625 0.37890625 0.034375 0.040625
3 0.5328125 0.50078125 0.0453125 0.0640625
3 0.6734375 0.18203125 0.1015625 0.0828125
3 0.5390625 0.8984375 0.08125 0.0984375
3 0.12734375 0.63515625 0.040625 0.046875
3 0.45546875 0.5328125 0.0609375 0.03125
3 0.953125 0.51796875 0.0765625 0.1296875
3 0.36015625 0.43203125 0.0359375 0.040625
3 0.609375 0.57265625 0.0578125 0.0390625
3 0.51015625 0.5328125 0.04375 0.0453125
3 0.13515625 0.36796875 0.0546875 0.1078125
3 0.525 0.0953125 0.04375 0.0640625
3 0.80390625 0.50390625 0.0640625 0.0625
3 0.62890625 0.39921875 0.0609375 0.0484375
3 0.615625 0.43671875 0.0359375 0.0453125
3 0.04375 0.32734375 0.0625 0.053125