3 0.9828125 0.6453125 0.034375 0.08125
3 0.41796875 0.41328125 0.05 0.046875
3 0.82890625 0.184375 0.2390625 0.24375
3 0.1546875 0.434375 0.1 0.1265625
3 0.0640625 0.5734375 0.0453125 0.040625
3 0.92265625 0.29765625 0.1046875 0.13125
3 0.371875 0.52578125 0.1078125 0.1359375
3 0.54921875 0.1546875 0.0796875 0.0625
3 0.734375 0.23984375 0.0515625 0.04375
3 0.49921875 0.871875 0.1328125 0.1515625
3 0.96875 0.5953125 0.0625 0.121875
3 0.8578125 0.3265625 0.0828125 0.075
3 0.2875 0.659375 0.0671875 0.0671875
3 0.14609375 0.98125 0.0734375 0.0375
3 0.15859375 0.52890625 0.0703125 0.0875
3 0.528125 0.2390625 0.05 0.046875
3 0.128125 0.8015625 0.0703125 0.0890625
3 0.46953125 0.24296875 0.05625 0.0578125
3 0.48203125 0.584375 0.121875 0.1203125
3 0.19765625 0.653125 0.0578125 0.0671875
3 0.37890625 0.46171875 0.0546875 0.0546875
3 0.69921875 0.24296875 0.0453125 0.0859375
3 0.4140625 0.8671875 0.090625 0.10625
3 0.653125 0.4296875 0.1125 0.0875
3 0.61484375 0.1734375 0.0453125 0.0484375
3 0.44296875 0.3171875 0.053125 0.0484375
3 0.33125 0.7296875 0.1921875 0.1765625
3 0.11171875 0.715625 0.084375 0.0796875
3 0.81328125 0.3109375 0.08125 0.075
3 0.16328125 0.6609375 0.09375 0.1328125
3 0.059375 0.6734375 0.0765625 0.0890625
3 0.253125 0.95234375 0.115625 0.0953125
3 0.41171875 0.61953125 0.06875 0.0625
3 0.7984375 0.27109375 0.071875 0.0765625
3 0.87734375 0.53828125 0.0671875 0.0578125
3 0.30859375 0.41953125 0.0453125 0.0515625
3 0.59296875 0.2140625 0.040625 0.040625
3 0.68984375 0.4125 0.0796875 0.0703125
3 0.03828125 0.496875 0.0765625 0.103125
3 0.28515625 0.47890625 0.0734375 0.0703125
3 0.9734375 0.82890625 0.053125 0.1234375
3 0.496875 0.36484375 0.0453125 0.0453125
3 0.35625 0.38125 0.05625 0.0703125
3 0.22109375 0.79375 0.0734375 0.0765625
3 0.45 0.509375 0.05625 0.053125
3 0.78515625 0.53359375 0.1140625 0.1203125
3 0.11328125 0.6203125 0.0796875 0.065625
3 0.11953125 0.53125 0.0328125 0.0359375
3 0.215625 0.5546875 0.1234375 0.1359375
3 0.38125 0.565625 0.0453125 0.05
3 0.07890625 0.6171875 0.0484375 0.05
3 0.69453125 0.1828125 0.096875 0.1265625
3 0.0375 0.46015625 0.059375 0.0515625
3 0.046875 0.63984375 0.0578125 0.046875
3 0.2421875 0.365625 0.034375 0.0453125
3 0.8421875 0.0859375 0.0359375 0.0375
3 0.74296875 0.2671875 0.053125 0.0546875
3 0.3953125 0.3859375 0.0453125 0.05
3 0.525 0.48203125 0.0625 0.0765625
3 0.58046875 0.125 0.1234375 0.1109375
3 0.6390625 0.8796875 0.1078125 0.1203125
3 0.1546875 0.72578125 0.053125 0.0578125
3 0.45703125 0.53515625 0.0703125 0.0484375
3 0.946875 0.38671875 0.10625 0.1484375
3 0.33359375 0.459375 0.046875 0.05
3 0.62109375 0.53359375 0.06875 0.0546875
3 0.5109375 0.5203125 0.05625 0.05625
3 0.09140625 0.45625 0.084375 0.1234375
3 0.40859375 0.07734375 0.0609375 0.0765625
3 0.7984375 0.4125 0.08125 0.0796875
3 0.59453125 0.35390625 0.0734375 0.0640625
3 0.59140625 0.3953125 0.0484375 0.0546875
3 0.0125 0.4359375 0.025 0.06875