3 0.85234375 0.896875 0.0734375 0.08125
3 0.46171875 0.403125 0.05 0.046875
3 0.90625 0.409375 0.1875 0.24375
3 0.22421875 0.2890625 0.1 0.1265625
3 0.07578125 0.36484375 0.0453125 0.040625
3 0.95234375 0.5546875 0.0953125 0.13125
3 0.365625 0.4765625 0.1078125 0.1359375
3 0.7046875 0.24453125 0.0796875 0.0625
3 0.8234375 0.4109375 0.0515625 0.04375
3 0.303125 0.84140625 0.1328125 0.1515625
3 0.87265625 0.8515625 0.1171875 0.121875
3 0.88671875 0.54765625 0.0828125 0.075
3 0.22578125 0.55078125 0.0671875 0.0671875
3 0.1796875 0.3734375 0.0703125 0.0875
3 0.64375 0.30703125 0.05 0.046875
3 0.02578125 0.59453125 0.0515625 0.0890625
3 0.5921875 0.28125 0.05625 0.0578125
3 0.4328125 0.5828125 0.121875 0.1203125
3 0.1515625 0.5 0.0578125 0.0671875
3 0.40390625 0.42578125 0.0546875 0.0546875
3 0.79140625 0.39609375 0.0453125 0.0859375
3 0.23203125 0.79375 0.090625 0.10625
3 0.6578125 0.53515625 0.1125 0.0875
3 0.75234375 0.29375 0.0453125 0.0484375
3 0.53125 0.33203125 0.053125 0.0484375
3 0.22890625 0.63359375 0.1921875 0.1765625
3 0.0453125 0.51171875 0.084375 0.0796875
3 0.85625 0.51171875 0.08125 0.075
3 0.11796875 0.48984375 0.09375 0.1328125
3 0.0296875 0.45 0.059375 0.0875
3 0.053125 0.78828125 0.10625 0.0984375
3 0.35390625 0.578125 0.06875 0.0625
3 0.8625 0.4703125 0.071875 0.0765625
3 0.79765625 0.740625 0.0671875 0.0578125
3 0.36484375 0.35390625 0.0453125 0.0515625
3 0.7140625 0.31796875 0.040625 0.040625
3 0.6984375 0.53828125 0.0796875 0.0703125
3 0.08203125 0.28046875 0.0984375 0.1015625
3 0.3140625 0.39375 0.0734375 0.0703125
3 0.55390625 0.40078125 0.0453125 0.0453125
3 0.425 0.34453125 0.05625 0.0703125
3 0.1015625 0.634375 0.0734375 0.0765625
3 0.44140625 0.50234375 0.05625 0.053125
3 0.71953125 0.690625 0.1140625 0.1203125
3 0.09375 0.4296875 0.0796875 0.065625
3 0.14453125 0.35625 0.0328125 0.0359375
3 0.21640625 0.42421875 0.1234375 0.1359375
3 0.353125 0.51640625 0.0453125 0.05
3 0.0671875 0.41015625 0.0484375 0.05
3 0.8171875 0.34140625 0.096875 0.1265625
3 0.109375 0.253125 0.059375 0.0515625
3 0.02890625 0.4140625 0.053125 0.046875
3 0.33359375 0.27421875 0.034375 0.0453125
3 0.9875 0.33125 0.025 0.0375
3 0.81640625 0.4390625 0.053125 0.0546875
3 0.45546875 0.3671875 0.0453125 0.05
3 0.5203125 0.5171875 0.0625 0.0765625
3 0.74765625 0.234375 0.1234375 0.1109375
3 0.41953125 0.9171875 0.1078125 0.1203125
3 0.078125 0.5421875 0.053125 0.0578125
3 0.434375 0.52734375 0.0703125 0.0484375
3 0.9375 0.64609375 0.1125 0.15
3 0.36640625 0.40078125 0.046875 0.05
3 0.578125 0.609375 0.06875 0.0546875
3 0.4890625 0.5421875 0.05625 0.05625
3 0.15703125 0.2765625 0.084375 0.1234375
3 0.621875 0.10703125 0.0609375 0.0765625
3 0.7921875 0.59296875 0.08125 0.0796875
3 0.64453125 0.43984375 0.0734375 0.0640625
3 0.62109375 0.47421875 0.0484375 0.0546875
3 0.084375 0.2125 0.0609375 0.065625