3 0.43203125 0.48359375 0.0921875 0.1375
3 0.28828125 0.390625 0.08125 0.046875
3 0.19453125 0.21484375 0.06875 0.0390625
3 0.06171875 0.38125 0.075 0.071875
3 0.43984375 0.61796875 0.0703125 0.0890625
3 0.51875 0.24765625 0.0921875 0.06875
3 0.88671875 0.41171875 0.090625 0.1046875
3 0.82734375 0.3296875 0.0515625 0.040625
3 0.87578125 0.75078125 0.0859375 0.096875
3 0.046875 0.715625 0.0703125 0.084375
3 0.9125 0.65 0.0921875 0.05625
3 0.6125 0.75234375 0.121875 0.1578125
3 0.69140625 0.2984375 0.121875 0.15625
3 0.9765625 0.38984375 0.0375 0.0515625
3 0.8046875 0.18125 0.1203125 0.13125
3 0.1953125 0.78671875 0.13125 0.1203125
3 0.928125 0.471875 0.0890625 0.0625
3 0.971875 0.58828125 0.05625 0.0640625
3 0.31796875 0.7625 0.1453125 0.184375
3 0.5546875 0.32578125 0.06875 0.0625
3 0.15703125 0.19140625 0.09375 0.0484375
3 0.365625 0.5640625 0.0765625 0.071875
3 0.45546875 0.3765625 0.05625 0.0546875
3 0.75859375 0.26953125 0.034375 0.06875
3 0.74296875 0.5890625 0.0703125 0.103125
3 0.525 0.28671875 0.0453125 0.0421875
3 0.34375 0.30078125 0.0546875 0.046875
3 0.421875 0.240625 0.071875 0.0828125
3 0.246875 0.5 0.071875 0.1078125
3 0.92578125 0.53359375 0.140625 0.1359375
3 0.91953125 0.7953125 0.0703125 0.0796875
3 0.5734375 0.26171875 0.0359375 0.0375
3 0.25546875 0.35078125 0.0546875 0.0515625
3 0.5375 0.52421875 0.0703125 0.103125
3 0.41015625 0.86484375 0.0828125 0.084375
3 0.2890625 0.2984375 0.065625 0.0640625
3 0.69765625 0.7 0.0875 0.090625
3 0.9859375 0.5171875 0.028125 0.115625
3 0.2703125 0.65 0.06875 0.06875
3 0.56171875 0.659375 0.1578125 0.1796875
3 0.4671875 0.334375 0.1140625 0.1078125
3 0.9765625 0.83203125 0.046875 0.0828125
3 0.7671875 0.7875 0.10625 0.078125
3 0.92890625 0.7 0.0828125 0.075
3 0.97734375 0.3359375 0.0265625 0.034375
3 0.0703125 0.81484375 0.0984375 0.096875
3 0.684375 0.82890625 0.128125 0.1078125
3 0.69453125 0.20703125 0.0671875 0.0515625
3 0.91484375 0.4375 0.05 0.053125
3 0.87109375 0.2015625 0.0859375 0.0953125
3 0.22578125 0.38359375 0.0515625 0.0484375
3 0.50078125 0.615625 0.0453125 0.0765625
3 0.0953125 0.87109375 0.0609375 0.0984375
3 0.78828125 0.69453125 0.065625 0.059375
3 0.20546875 0.34609375 0.0421875 0.05625
3 0.39296875 0.30625 0.0421875 0.0515625