3 0.4296875 0.50390625 0.078125 0.1234375
3 0.30078125 0.40703125 0.0734375 0.0390625
3 0.225 0.23671875 0.0625 0.0328125
3 0.08984375 0.38359375 0.065625 0.0625
3 0.428125 0.6296875 0.0609375 0.0796875
3 0.5265625 0.28828125 0.0828125 0.059375
3 0.86015625 0.46640625 0.078125 0.0921875
3 0.809375 0.3859375 0.0453125 0.034375
3 0.8265625 0.7828125 0.075 0.0859375
3 0.0421875 0.69609375 0.084375 0.075
3 0.86796875 0.690625 0.0828125 0.046875
3 0.58046875 0.76640625 0.1046875 0.140625
3 0.684375 0.34765625 0.1046875 0.1390625
3 0.9515625 0.4515625 0.04375 0.046875
3 0.7984375 0.2453125 0.1046875 0.115625
3 0.18828125 0.771875 0.115625 0.1046875
3 0.89453125 0.525 0.0796875 0.053125
3 0.9375 0.63828125 0.0640625 0.0546875
3 0.3046875 0.75703125 0.125 0.1640625
3 0.5546875 0.3640625 0.0609375 0.0546875
3 0.1921875 0.2125 0.0859375 0.0390625
3 0.3625 0.575 0.0671875 0.0625
3 0.45859375 0.4046875 0.05 0.0484375
3 0.74921875 0.325 0.028125 0.0625
3 0.71328125 0.62265625 0.059375 0.0921875
3 0.5296875 0.32578125 0.040625 0.0375
3 0.35859375 0.32734375 0.0484375 0.040625
3 0.4359375 0.27578125 0.0625 0.0734375
3 0.25546875 0.50625 0.0609375 0.096875
3 0.88828125 0.5828125 0.1234375 0.11875
3 0.86484375 0.82734375 0.0609375 0.0703125
3 0.5765625 0.30546875 0.03125 0.0328125
3 0.2734375 0.36796875 0.0484375 0.0453125
3 0.52578125 0.5484375 0.059375 0.0921875
3 0.384375 0.85859375 0.0734375 0.075
3 0.30859375 0.32109375 0.0578125 0.05625
3 0.6640625 0.7234375 0.0765625 0.0796875
3 0.96796875 0.57265625 0.0640625 0.10625
3 0.9828125 0.46875 0.034375 0.0609375
3 0.2671875 0.6484375 0.0609375 0.0609375
3 0.53984375 0.6765625 0.1375 0.159375
3 0.47265625 0.36640625 0.1 0.09375
3 0.925 0.865625 0.05625 0.0734375
3 0.72265625 0.81015625 0.0953125 0.0671875
3 0.88046875 0.7390625 0.0734375 0.065625
3 0.9515625 0.4015625 0.028125 0.0296875
3 0.06953125 0.78984375 0.0875 0.084375
3 0.64296875 0.84296875 0.1140625 0.09375
3 0.69375 0.26171875 0.0609375 0.04375
3 0.884375 0.4921875 0.04375 0.046875
3 0.85859375 0.26875 0.075 0.084375
3 0.24296875 0.396875 0.0453125 0.0421875
3 0.4859375 0.63203125 0.0375 0.06875
3 0.0890625 0.84453125 0.0515625 0.0890625
3 0.74921875 0.72421875 0.0578125 0.0515625
3 0.22734375 0.36015625 0.0359375 0.05
3 0.4046875 0.33515625 0.0359375 0.0453125