3 0.42578125 0.51796875 0.1046875 0.140625
3 0.27578125 0.4484375 0.08125 0.0546875
3 0.1640625 0.29453125 0.0703125 0.046875
3 0.06015625 0.4703125 0.0796875 0.0765625
3 0.45078125 0.64453125 0.078125 0.0921875
3 0.4765625 0.28203125 0.0953125 0.0765625
3 0.84765625 0.3890625 0.096875 0.109375
3 0.78046875 0.31953125 0.053125 0.04375
3 0.88125 0.7125 0.09375 0.1015625
3 0.08671875 0.790625 0.084375 0.0890625
3 0.903125 0.61171875 0.0921875 0.0640625
3 0.63203125 0.74921875 0.134375 0.1625
3 0.646875 0.30859375 0.134375 0.1609375
3 0.93671875 0.35546875 0.053125 0.05625
3 0.7390625 0.18125 0.1296875 0.1375
3 0.24140625 0.8375 0.1375 0.1296875
3 0.89453125 0.440625 0.090625 0.0703125
3 0.96171875 0.54453125 0.0765625 0.06875
3 0.35390625 0.79765625 0.1609375 0.190625
3 0.5203125 0.3515625 0.0734375 0.06875
3 0.12578125 0.27734375 0.09375 0.0578125
3 0.3734375 0.60390625 0.08125 0.0765625
3 0.43359375 0.4125 0.059375 0.059375
3 0.70703125 0.271875 0.0421875 0.06875
3 0.734375 0.5765625 0.0796875 0.1046875
3 0.4875 0.31875 0.0484375 0.0453125
3 0.3171875 0.35703125 0.05625 0.05
3 0.38359375 0.2890625 0.078125 0.0859375
3 0.2515625 0.5578125 0.08125 0.109375
3 0.90078125 0.49921875 0.1484375 0.1453125
3 0.92890625 0.74921875 0.0765625 0.0828125
3 0.53046875 0.28828125 0.0390625 0.0390625
3 0.23984375 0.415625 0.0578125 0.0546875
3 0.53125 0.5421875 0.0796875 0.1046875
3 0.45625 0.88203125 0.0890625 0.090625
3 0.265625 0.36171875 0.0703125 0.06875
3 0.70703125 0.6875 0.09375 0.0953125
3 0.9671875 0.471875 0.065625 0.11875
3 0.9671875 0.365625 0.0421875 0.0671875
3 0.29375 0.696875 0.0734375 0.0734375
3 0.57265625 0.6671875 0.171875 0.1890625
3 0.4390625 0.371875 0.1203125 0.115625
3 0.98046875 0.77421875 0.0390625 0.0859375
3 0.78359375 0.7625 0.109375 0.0875
3 0.9265625 0.6578125 0.0875 0.08125
3 0.92578125 0.3046875 0.034375 0.0359375
3 0.1265625 0.88046875 0.10625 0.103125
3 0.7109375 0.8125 0.134375 0.11875
3 0.6375 0.2203125 0.0703125 0.05625
3 0.878125 0.41015625 0.053125 0.05625
3 0.80390625 0.19140625 0.0921875 0.1
3 0.21640625 0.45078125 0.0546875 0.0515625
3 0.50859375 0.634375 0.0515625 0.0765625
3 0.15703125 0.93125 0.0703125 0.1
3 0.7921875 0.6703125 0.06875 0.0640625
3 0.1921875 0.41796875 0.046875 0.0578125
3 0.36484375 0.3546875 0.0453125 0.053125