3 0.50859375 0.4109375 0.040625 0.046875
3 0.4828125 0.37578125 0.0609375 0.05625
3 0.1890625 0.0890625 0.0890625 0.1046875
3 0.8859375 0.78359375 0.096875 0.0921875
3 0.66015625 0.540625 0.059375 0.0515625
3 0.28046875 0.43515625 0.1421875 0.121875
3 0.6203125 0.92578125 0.153125 0.1484375
3 0.4859375 0.34609375 0.0375 0.025
3 0.7671875 0.69375 0.090625 0.0734375
3 0.53359375 0.375 0.096875 0.096875
3 0.421875 0.29296875 0.115625 0.09375
3 0.853125 0.9328125 0.128125 0.134375
3 0.63359375 0.46640625 0.0828125 0.0953125
3 0.59140625 0.48203125 0.0546875 0.05625
3 0.12734375 0.03359375 0.0640625 0.0671875
3 0.2265625 0.44453125 0.053125 0.0515625
3 0.6234375 0.5453125 0.04375 0.0390625
3 0.7515625 0.64609375 0.0671875 0.0546875
3 0.7984375 0.74296875 0.0953125 0.065625
3 0.25 0.17421875 0.03125 0.040625
3 0.60546875 0.5828125 0.0640625 0.065625
3 0.40859375 0.3328125 0.0734375 0.084375
3 0.23359375 0.25390625 0.0671875 0.059375
3 0.38125 0.503125 0.1359375 0.125
3 0.3578125 0.4328125 0.0609375 0.05625
3 0.07578125 0.16328125 0.040625 0.109375
3 0.12890625 0.10234375 0.1046875 0.1
3 0.24140625 0.3484375 0.11875 0.1
3 0.47421875 0.40390625 0.05 0.0421875
3 0.7453125 0.60078125 0.0609375 0.0578125
3 0.025 0.44609375 0.05 0.1109375
3 0.296875 0.33515625 0.046875 0.0546875
3 0.35390625 0.30078125 0.1125 0.1
3 0.48671875 0.46796875 0.0671875 0.0703125
3 0.2421875 0.28671875 0.1046875 0.090625
3 0.6796875 0.84296875 0.075 0.0828125
3 0.1234375 0.43671875 0.1921875 0.1828125
3 0.17734375 0.48828125 0.103125 0.0796875
3 0.7375 0.471875 0.259375 0.2484375
3 0.16015625 0.3015625 0.109375 0.0828125
3 0.11484375 0.14921875 0.1078125 0.1328125
3 0.5375 0.4921875 0.0421875 0.04375
3 0.22578125 0.19453125 0.059375 0.0640625
3 0.7546875 0.78359375 0.2046875 0.215625
3 0.87421875 0.71015625 0.175 0.1546875
3 0.65703125 0.696875 0.0828125 0.0734375
3 0.8203125 0.5984375 0.0953125 0.084375
3 0.92890625 0.675 0.1171875 0.1671875
3 0.659375 0.80234375 0.0515625 0.0453125
3 0.096875 0.24453125 0.1140625 0.1171875
3 0.3359375 0.25 0.05625 0.0578125
3 0.47890625 0.5859375 0.1375 0.13125
3 0.27421875 0.47734375 0.071875 0.0578125
3 0.62265625 0.3921875 0.065625 0.0796875
3 0.78046875 0.87890625 0.1 0.090625