3 0.49296875 0.40859375 0.03125 0.0390625
3 0.46015625 0.38046875 0.05 0.0453125
3 0.11171875 0.1765625 0.06875 0.0890625
3 0.9421875 0.67421875 0.0796875 0.0734375
3 0.66953125 0.49609375 0.05 0.0390625
3 0.28125 0.48515625 0.121875 0.09375
3 0.7296875 0.90234375 0.1109375 0.1828125
3 0.45625 0.3515625 0.034375 0.0171875
3 0.8078125 0.6171875 0.078125 0.0546875
3 0.50859375 0.36796875 0.078125 0.078125
3 0.3828125 0.31640625 0.1 0.0703125
3 0.95078125 0.834375 0.0984375 0.1328125
3 0.6265625 0.43125 0.0640625 0.08125
3 0.5890625 0.45625 0.04375 0.046875
3 0.02890625 0.12578125 0.0578125 0.0890625
3 0.23203125 0.5078125 0.04375 0.040625
3 0.634375 0.509375 0.0359375 0.0296875
3 0.78125 0.57421875 0.0578125 0.040625
3 0.84921875 0.65625 0.0859375 0.0453125
3 0.18984375 0.24375 0.0234375 0.0359375
3 0.62734375 0.54921875 0.0515625 0.053125
3 0.3796875 0.3578125 0.05625 0.071875
3 0.19296875 0.3234375 0.05625 0.046875
3 0.39375 0.5265625 0.1140625 0.0984375
3 0.3546875 0.465625 0.05 0.0453125
3 0.0140625 0.275 0.028125 0.1078125
3 0.05 0.20390625 0.1 0.0796875
3 0.2234375 0.4125 0.1015625 0.0765625
3 0.45859375 0.41015625 0.0421875 0.03125
3 0.76484375 0.5328125 0.05 0.046875
3 0.02734375 0.559375 0.0546875 0.103125
3 0.2734375 0.3859375 0.0359375 0.046875
3 0.31953125 0.33984375 0.0953125 0.0765625
3 0.48515625 0.46796875 0.053125 0.0578125
3 0.209375 0.353125 0.0890625 0.0703125
3 0.759375 0.7796875 0.059375 0.0703125
3 0.13203125 0.52421875 0.159375 0.1453125
3 0.1953125 0.5609375 0.090625 0.0578125
3 0.7265625 0.4125 0.2140625 0.1984375
3 0.13515625 0.38671875 0.0953125 0.0609375
3 0.04765625 0.253125 0.0953125 0.1140625
3 0.53984375 0.47890625 0.0328125 0.0359375
3 0.171875 0.26875 0.046875 0.053125
3 0.8171875 0.70546875 0.1640625 0.178125
3 0.9140625 0.60703125 0.146875 0.1203125
3 0.703125 0.64609375 0.0703125 0.0578125
3 0.83515625 0.51328125 0.0796875 0.065625
3 0.95859375 0.5609375 0.0828125 0.15
3 0.73046875 0.74609375 0.04375 0.034375
3 0.05546875 0.3484375 0.103125 0.0953125
3 0.28984375 0.2953125 0.0453125 0.046875
3 0.50625 0.58203125 0.1140625 0.1046875
3 0.28515625 0.52734375 0.0625 0.04375
3 0.59765625 0.36328125 0.05 0.06875
3 0.86484375 0.790625 0.0828125 0.071875