3 0.5046875 0.40625 0.0359375 0.04375
3 0.47578125 0.3734375 0.05625 0.0515625
3 0.15703125 0.12109375 0.08125 0.0984375
3 0.915625 0.73359375 0.090625 0.084375
3 0.66796875 0.51796875 0.0546875 0.0453125
3 0.2828125 0.453125 0.134375 0.1109375
3 0.67109375 0.91640625 0.1359375 0.1671875
3 0.47578125 0.34453125 0.0359375 0.021875
3 0.78828125 0.6578125 0.0859375 0.065625
3 0.52578125 0.36796875 0.0890625 0.0890625
3 0.4078125 0.29921875 0.109375 0.084375
3 0.9 0.89296875 0.115625 0.1453125
3 0.634375 0.446875 0.075 0.090625
3 0.59375 0.4671875 0.05 0.053125
3 0.08359375 0.059375 0.065625 0.096875
3 0.23046875 0.46875 0.0484375 0.046875
3 0.63125 0.5265625 0.0390625 0.034375
3 0.76796875 0.61171875 0.0625 0.0484375
3 0.825 0.70234375 0.0921875 0.05625
3 0.225 0.19921875 0.028125 0.0390625
3 0.61875 0.56484375 0.0578125 0.059375
3 0.3984375 0.33984375 0.065625 0.0796875
3 0.21796875 0.2796875 0.0625 0.0546875
3 0.3890625 0.509375 0.128125 0.1140625
3 0.35859375 0.44375 0.05625 0.0515625
3 0.0484375 0.20546875 0.0390625 0.1109375
3 0.09375 0.13984375 0.10625 0.09375
3 0.23515625 0.371875 0.1125 0.090625
3 0.4703125 0.40234375 0.046875 0.0375
3 0.7578125 0.56796875 0.05625 0.053125
3 0.0265625 0.490625 0.053125 0.109375
3 0.2890625 0.353125 0.0421875 0.0515625
3 0.34140625 0.31328125 0.10625 0.090625
3 0.48828125 0.4640625 0.0609375 0.0640625
3 0.2296875 0.31171875 0.0984375 0.0828125
3 0.71796875 0.81328125 0.06875 0.078125
3 0.12890625 0.4703125 0.1796875 0.1671875
3 0.18671875 0.515625 0.0984375 0.0703125
3 0.73671875 0.4421875 0.240625 0.228125
3 0.15078125 0.334375 0.103125 0.0734375
3 0.084375 0.1875 0.10625 0.1265625
3 0.54140625 0.4828125 0.0375 0.040625
3 0.20390625 0.221875 0.053125 0.059375
3 0.7859375 0.74765625 0.1875 0.2
3 0.89609375 0.66328125 0.1625 0.140625
3 0.68125 0.671875 0.078125 0.0671875
3 0.83125 0.55859375 0.0890625 0.0765625
3 0.94609375 0.621875 0.103125 0.1609375
3 0.69375 0.77578125 0.0484375 0.040625
3 0.0765625 0.28359375 0.1140625 0.1078125
3 0.31796875 0.26484375 0.0515625 0.053125
3 0.49296875 0.58125 0.128125 0.1203125
3 0.28046875 0.4953125 0.06875 0.0515625
3 0.615625 0.37578125 0.059375 0.0765625
3 0.821875 0.8390625 0.0921875 0.0828125