3 0.2984375 0.1078125 0.0875 0.1
3 0.85625 0.515625 0.0390625 0.0625
3 0.65 0.440625 0.0625 0.06875
3 0.684375 0.48359375 0.0609375 0.0484375
3 0.14921875 0.090625 0.059375 0.08125
3 0.28359375 0.93046875 0.1078125 0.121875
3 0.1359375 0.48828125 0.115625 0.0890625
3 0.51953125 0.2640625 0.0984375 0.15
3 0.6703125 0.5421875 0.125 0.0671875
3 0.90078125 0.365625 0.05625 0.084375
3 0.3015625 0.1484375 0.0578125 0.0546875
3 0.53046875 0.4984375 0.1046875 0.1046875
3 0.275 0.52265625 0.0796875 0.0796875
3 0.91875 0.7890625 0.1625 0.1515625
3 0.228125 0.1203125 0.0578125 0.0546875
3 0.80859375 0.26328125 0.128125 0.203125
3 0.6453125 0.084375 0.0984375 0.0671875
3 0.603125 0.12109375 0.11875 0.065625
3 0.24296875 0.80546875 0.0515625 0.0578125
3 0.87890625 0.6046875 0.078125 0.153125
3 0.878125 0.0609375 0.1625 0.121875
3 0.85546875 0.1046875 0.0859375 0.06875
3 0.56484375 0.93046875 0.096875 0.1046875
3 0.95234375 0.45078125 0.0671875 0.1453125
3 0.18359375 0.83515625 0.090625 0.1546875
3 0.6875 0.37265625 0.109375 0.096875
3 0.84375 0.92265625 0.1625 0.1546875
3 0.3859375 0.92109375 0.10625 0.1421875
3 0.278125 0.40859375 0.1296875 0.1078125
3 0.93515625 0.58671875 0.1296875 0.24375
3 0.05703125 0.49609375 0.1140625 0.240625
3 0.896875 0.46953125 0.065625 0.125
3 0.79765625 0.4640625 0.0921875 0.134375
3 0.5125 0.109375 0.0671875 0.0796875
3 0.32734375 0.46015625 0.0640625 0.059375
3 0.159375 0.64375 0.1078125 0.0625
3 0.615625 0.6875 0.2953125 0.3
3 0.84921875 0.16875 0.0921875 0.078125
3 0.47578125 0.8609375 0.0796875 0.1109375
3 0.37578125 0.34296875 0.14375 0.0953125
3 0.69765625 0.9 0.146875 0.15625
3 0.16328125 0.73515625 0.159375 0.15
3 0.1109375 0.60546875 0.2078125 0.184375
3 0.71875 0.80078125 0.1453125 0.0890625
3 0.775 0.65234375 0.0828125 0.0828125
3 0.95234375 0.3140625 0.0953125 0.1453125
3 0.5484375 0.32265625 0.053125 0.05
3 0.36328125 0.7171875 0.20625 0.19375
3 0.69765625 0.1453125 0.053125 0.0734375
3 0.71484375 0.54140625 0.0328125 0.01875
3 0.0671875 0.24375 0.134375 0.2796875
3 0.78125 0.565625 0.0796875 0.0578125
3 0.1859375 0.31328125 0.115625 0.115625
3 0.57265625 0.07109375 0.08125 0.0671875
3 0.45 0.38671875 0.075 0.078125
3 0.746875 0.1046875 0.059375 0.0765625
3 0.725 0.26015625 0.065625 0.1171875