3 0.32109375 0.07265625 0.10625 0.11875
3 0.85 0.5859375 0.05 0.071875
3 0.64296875 0.4765625 0.0765625 0.08125
3 0.67265625 0.5265625 0.071875 0.059375
3 0.165625 0.03984375 0.075 0.0796875
3 0.1859375 0.91640625 0.1265625 0.103125
3 0.09296875 0.45078125 0.1359375 0.1109375
3 0.53125 0.2703125 0.1265625 0.1734375
3 0.64921875 0.58671875 0.1421875 0.0890625
3 0.91875 0.434375 0.071875 0.096875
3 0.31796875 0.11640625 0.06875 0.0671875
3 0.50859375 0.51953125 0.1265625 0.1265625
3 0.234375 0.5078125 0.096875 0.096875
3 0.86953125 0.88203125 0.1828125 0.1828125
3 0.24453125 0.075 0.06875 0.0671875
3 0.8375 0.3125 0.165625 0.2328125
3 0.69140625 0.09921875 0.1140625 0.0859375
3 0.640625 0.13203125 0.134375 0.0875
3 0.15859375 0.8015625 0.0625 0.06875
3 0.8609375 0.684375 0.10625 0.1734375
3 0.92265625 0.11640625 0.1546875 0.1390625
3 0.91015625 0.15234375 0.1 0.0859375
3 0.48125 0.959375 0.1125 0.08125
3 0.95703125 0.53125 0.0859375 0.1625
3 0.09140625 0.8234375 0.11875 0.1765625
3 0.6921875 0.41015625 0.1296875 0.11875
3 0.7796875 0.959375 0.1875 0.08125
3 0.2953125 0.921875 0.1265625 0.121875
3 0.2546875 0.3875 0.153125 0.1328125
3 0.9171875 0.67109375 0.1609375 0.275
3 0.04296875 0.44921875 0.0859375 0.2640625
3 0.89921875 0.54375 0.0875 0.1421875
3 0.79609375 0.5234375 0.1171875 0.1546875
3 0.546875 0.10546875 0.0828125 0.09375
3 0.3 0.44921875 0.0765625 0.071875
3 0.09453125 0.61796875 0.1234375 0.08125
3 0.56953125 0.73203125 0.35625 0.3609375
3 0.89375 0.21875 0.109375 0.096875
3 0.396875 0.89375 0.1 0.128125
3 0.36796875 0.33203125 0.165625 0.121875
3 0.62578125 0.93671875 0.1734375 0.1265625
3 0.08984375 0.71484375 0.1796875 0.1828125
3 0.0859375 0.5734375 0.171875 0.21875
3 0.6625 0.86640625 0.1671875 0.115625
3 0.74375 0.71875 0.1 0.1
3 0.959375 0.3859375 0.08125 0.165625
3 0.553125 0.3359375 0.0640625 0.0609375
3 0.29921875 0.72578125 0.246875 0.2359375
3 0.7375 0.17109375 0.0671875 0.0859375
3 0.696875 0.5921875 0.0375 0.025
3 0.084375 0.18515625 0.1296875 0.3078125
3 0.76328125 0.62734375 0.0921875 0.0734375
3 0.17109375 0.2734375 0.1390625 0.1390625
3 0.615625 0.07421875 0.0953125 0.0828125
3 0.43984375 0.38984375 0.090625 0.09375
3 0.7953125 0.1359375 0.0734375 0.090625
3 0.7484375 0.296875 0.0875 0.1328125