3 0.2734375 0.12109375 0.109375 0.1203125
3 0.93671875 0.49140625 0.0515625 0.0734375
3 0.7015625 0.4375 0.078125 0.084375
3 0.7453125 0.4796875 0.0734375 0.0609375
3 0.1078125 0.12265625 0.0765625 0.096875
3 0.36328125 0.97265625 0.1265625 0.0546875
3 0.14765625 0.55859375 0.1390625 0.1125
3 0.53515625 0.26171875 0.128125 0.1765625
3 0.7375 0.5453125 0.1453125 0.090625
3 0.9578125 0.32265625 0.059375 0.0984375
3 0.2828125 0.16484375 0.0703125 0.0671875
3 0.57890625 0.51640625 0.128125 0.128125
3 0.303125 0.5765625 0.096875 0.096875
3 0.97109375 0.7859375 0.0578125 0.175
3 0.1984375 0.14453125 0.0703125 0.0671875
3 0.85078125 0.22265625 0.1671875 0.2390625
3 0.64921875 0.0484375 0.1171875 0.0875
3 0.6078125 0.09453125 0.1375 0.0875
3 0.30625 0.88984375 0.0640625 0.0703125
3 0.959375 0.5859375 0.08125 0.178125
3 0.87578125 0.034375 0.1421875 0.06875
3 0.8796875 0.04296875 0.103125 0.0859375
3 0.66875 0.95390625 0.1125 0.0703125
3 0.24609375 0.91953125 0.1203125 0.1609375
3 0.73359375 0.3578125 0.1328125 0.1203125
3 0.9390625 0.89921875 0.121875 0.1140625
3 0.47265625 0.95625 0.1265625 0.0875
3 0.2921875 0.45234375 0.15625 0.1359375
3 0.971875 0.5625 0.05625 0.271875
3 0.0703125 0.57578125 0.140625 0.2765625
3 0.96484375 0.434375 0.0703125 0.14375
3 0.86640625 0.44296875 0.11875 0.159375
3 0.5078125 0.09375 0.084375 0.0953125
3 0.35234375 0.5015625 0.078125 0.0734375
3 0.19375 0.725 0.1265625 0.0828125
3 0.69765625 0.7109375 0.3625 0.3671875
3 0.8828125 0.1140625 0.1109375 0.0984375
3 0.56796875 0.91875 0.1015625 0.13125
3 0.3890625 0.3671875 0.16875 0.1234375
3 0.8109375 0.90546875 0.175 0.1375
3 0.21015625 0.8234375 0.19375 0.184375
3 0.13515625 0.68984375 0.2515625 0.2296875
3 0.825 0.82109375 0.1703125 0.1171875
3 0.86640625 0.6515625 0.1015625 0.1015625
3 0.575 0.32265625 0.0640625 0.0609375
3 0.4265625 0.77734375 0.2515625 0.2390625
3 0.7140625 0.10859375 0.0671875 0.0875
3 0.7859375 0.53828125 0.0375 0.025
3 0.06484375 0.2984375 0.1296875 0.321875
3 0.86171875 0.55625 0.0953125 0.0734375
3 0.178125 0.36015625 0.1421875 0.1421875
3 0.5671875 0.04375 0.096875 0.084375
3 0.4765625 0.40546875 0.0921875 0.0953125
3 0.7625 0.0578125 0.075 0.0921875
3 0.759375 0.23046875 0.0875 0.1359375