3 0.16953125 0.5828125 0.0984375 0.1453125
3 0.8484375 0.746875 0.084375 0.084375
3 0.921875 0.7953125 0.15625 0.1453125
3 0.49921875 0.3125 0.053125 0.06875
3 0.725 0.340625 0.340625 0.3859375
3 0.69375 0.16484375 0.20625 0.13125
3 0.42421875 0.39609375 0.0859375 0.0734375
3 0.871875 0.6484375 0.196875 0.15
3 0.25859375 0.83671875 0.121875 0.1015625
3 0.4390625 0.50703125 0.053125 0.05625
3 0.4578125 0.92265625 0.1390625 0.1515625
3 0.30390625 0.4 0.0609375 0.0625
3 0.58046875 0.1078125 0.0765625 0.0890625
3 0.21875 0.58671875 0.08125 0.071875
3 0.275 0.790625 0.0671875 0.0515625
3 0.1109375 0.0359375 0.05625 0.071875
3 0.7375 0.84609375 0.134375 0.24375
3 0.34453125 0.7171875 0.05625 0.075
3 0.978125 0.6828125 0.04375 0.1078125
3 0.946875 0.90234375 0.10625 0.1640625
3 0.0890625 0.54140625 0.1609375 0.2453125
3 0.08515625 0.7765625 0.084375 0.09375
3 0.12109375 0.25234375 0.125 0.128125
3 0.24296875 0.12421875 0.125 0.0765625
3 0.79453125 0.55859375 0.1484375 0.225
3 0.3734375 0.784375 0.14375 0.1015625
3 0.45390625 0.58359375 0.090625 0.115625
3 0.48515625 0.34140625 0.0296875 0.0234375
3 0.375 0.8375 0.1015625 0.090625
3 0.421875 0.70234375 0.1203125 0.121875
3 0.5703125 0.50234375 0.1453125 0.16875
3 0.471875 0.23984375 0.046875 0.1140625
3 0.48671875 0.45234375 0.03125 0.03125
3 0.36796875 0.91640625 0.059375 0.0796875
3 0.19765625 0.31484375 0.0890625 0.046875
3 0.32421875 0.66875 0.1265625 0.1109375
3 0.91484375 0.25625 0.11875 0.1484375
3 0.70703125 0.734375 0.065625 0.125
3 0.675 0.63203125 0.1296875 0.140625
3 0.5484375 0.7171875 0.209375 0.2765625
3 0.4140625 0.65 0.0609375 0.0625
3 0.27265625 0.6109375 0.10625 0.09375
3 0.13984375 0.8578125 0.1734375 0.1453125
3 0.5609375 0.40078125 0.06875 0.084375
3 0.8171875 0.8078125 0.053125 0.090625
3 0.9421875 0.37421875 0.115625 0.125
3 0.35078125 0.94140625 0.0390625 0.0578125
3 0.528125 0.3484375 0.0296875 0.0453125
3 0.33046875 0.5359375 0.0921875 0.0953125