3 0.1015625 0.5515625 0.1421875 0.18125
3 0.79375 0.8984375 0.1125 0.1125
3 0.8390625 0.934375 0.1625 0.13125
3 0.525 0.3421875 0.0734375 0.0875
3 0.76171875 0.42890625 0.4640625 0.5015625
3 0.77109375 0.23125 0.2546875 0.1921875
3 0.42265625 0.4140625 0.1109375 0.1
3 0.83828125 0.79609375 0.240625 0.209375
3 0.13515625 0.84765625 0.15625 0.140625
3 0.4109375 0.5375 0.071875 0.0734375
3 0.3390625 0.94140625 0.165625 0.1
3 0.2921875 0.38828125 0.08125 0.0828125
3 0.6640625 0.14140625 0.1046875 0.115625
3 0.15390625 0.56875 0.1046875 0.0984375
3 0.1640625 0.80234375 0.084375 0.071875
3 0.65625 0.9140625 0.190625 0.171875
3 0.25703125 0.740625 0.0796875 0.0953125
3 0.07109375 0.49296875 0.1421875 0.2921875
3 0.13203125 0.18359375 0.1671875 0.1703125
3 0.2953125 0.075 0.153125 0.1140625
3 0.78203125 0.68125 0.215625 0.2796875
3 0.27109375 0.8203125 0.18125 0.1453125
3 0.40859375 0.6234375 0.1265625 0.146875
3 0.503125 0.3703125 0.0375 0.0328125
3 0.26015625 0.87734375 0.1328125 0.1234375
3 0.34453125 0.74375 0.1609375 0.1625
3 0.55390625 0.56484375 0.1984375 0.21875
3 0.51328125 0.25703125 0.078125 0.134375
3 0.4765625 0.48984375 0.040625 0.040625
3 0.2375 0.93515625 0.071875 0.0484375
3 0.1984375 0.2703125 0.1078125 0.071875
3 0.24765625 0.6828125 0.1640625 0.1515625
3 0.9515625 0.38203125 0.096875 0.1859375
3 0.64375 0.84921875 0.1015625 0.1515625
3 0.63515625 0.73046875 0.175 0.184375
3 0.4765625 0.79140625 0.2953125 0.35
3 0.34921875 0.6859375 0.08125 0.0828125
3 0.20546875 0.6078125 0.1390625 0.128125
3 0.05625 0.82890625 0.1125 0.1765625
3 0.56953125 0.45234375 0.0953125 0.1078125
3 0.74453125 0.95 0.0796875 0.1
3 0.9546875 0.5125 0.090625 0.153125
3 0.54765625 0.38828125 0.04375 0.05625
3 0.28671875 0.54140625 0.1234375 0.1265625