3 0.1234375 0.49921875 0.13125 0.175
3 0.84296875 0.784375 0.10625 0.10625
3 0.8921875 0.84453125 0.1484375 0.1765625
3 0.5265625 0.25390625 0.06875 0.0828125
3 0.7703125 0.31953125 0.4328125 0.475
3 0.76328125 0.121875 0.246875 0.175
3 0.43203125 0.334375 0.10625 0.09375
3 0.8765625 0.678125 0.225 0.19375
3 0.18203125 0.79140625 0.15 0.1296875
3 0.43125 0.4578125 0.0671875 0.0703125
3 0.3875 0.91015625 0.1734375 0.175
3 0.29921875 0.31953125 0.0765625 0.078125
3 0.6453125 0.053125 0.0953125 0.0859375
3 0.17734375 0.51171875 0.1 0.0921875
3 0.20703125 0.74375 0.08125 0.0671875
3 0.70625 0.865625 0.184375 0.26875
3 0.29453125 0.67421875 0.0734375 0.090625
3 0.903125 0.93515625 0.096875 0.1296875
3 0.0734375 0.4453125 0.146875 0.2875
3 0.0265625 0.69921875 0.053125 0.1140625
3 0.12109375 0.1296875 0.15625 0.159375
3 0.27421875 0.0296875 0.1484375 0.059375
3 0.81328125 0.56953125 0.196875 0.2703125
3 0.31640625 0.7515625 0.1734375 0.1328125
3 0.43515625 0.54453125 0.1171875 0.140625
3 0.50703125 0.28359375 0.0359375 0.0296875
3 0.309375 0.81015625 0.125 0.1140625
3 0.38125 0.66953125 0.1515625 0.153125
3 0.57578125 0.47265625 0.1859375 0.2078125
3 0.5078125 0.16953125 0.06875 0.1328125
3 0.49140625 0.40546875 0.0390625 0.0390625
3 0.28984375 0.8953125 0.0765625 0.096875
3 0.19609375 0.21015625 0.1046875 0.0640625
3 0.2796875 0.6171875 0.15625 0.140625
3 0.95703125 0.253125 0.0859375 0.178125
3 0.68984375 0.7484375 0.090625 0.146875
3 0.6703125 0.63125 0.1640625 0.1734375
3 0.51875 0.70546875 0.271875 0.3359375
3 0.38125 0.6109375 0.0765625 0.078125
3 0.23203125 0.54609375 0.13125 0.11875
3 0.07734375 0.79453125 0.1546875 0.1859375
3 0.58125 0.36015625 0.0875 0.103125
3 0.79921875 0.84609375 0.071875 0.1078125
3 0.96484375 0.38515625 0.0703125 0.1484375
3 0.2671875 0.92109375 0.0515625 0.06875
3 0.553125 0.29765625 0.0390625 0.0546875
3 0.30703125 0.47265625 0.115625 0.11875