3 0.5453125 0.78046875 0.453125 0.4390625
3 0.9859375 0.1578125 0.028125 0.065625
3 0.1890625 0.17734375 0.05625 0.09375
3 0.7546875 0.50703125 0.2046875 0.2984375
3 0.92578125 0.440625 0.0703125 0.0671875
3 0.934375 0.08671875 0.0890625 0.08125
3 0.87421875 0.64453125 0.178125 0.2359375
3 0.34609375 0.52421875 0.6921875 0.8671875
3 0.8078125 0.1828125 0.165625 0.146875
3 0.58984375 0.29296875 0.18125 0.1359375
3 0.8 0.38984375 0.1546875 0.134375
3 0.259375 0.08203125 0.0609375 0.0828125
3 0.6390625 0.47421875 0.175 0.2734375
3 0.10625 0.20625 0.0890625 0.0984375
3 0.61875 0.10546875 0.1296875 0.1421875
3 0.33671875 0.10390625 0.1265625 0.1546875
3 0.53125 0.16796875 0.165625 0.1625
3 0.6875 0.17890625 0.2671875 0.2921875
3 0.5515625 0.0609375 0.0828125 0.0828125
3 0.0203125 0.7453125 0.040625 0.11875
3 0.1 0.053125 0.103125 0.103125
3 0.87265625 0.26171875 0.2546875 0.1953125