3 0.57265625 0.78359375 0.4 0.4046875
3 0.940625 0.11171875 0.046875 0.059375
3 0.1515625 0.22890625 0.0453125 0.0875
3 0.74375 0.48203125 0.1703125 0.275
3 0.903125 0.396875 0.0625 0.059375
3 0.86796875 0.04296875 0.0796875 0.0859375
3 0.8765625 0.60234375 0.15 0.215625
3 0.34453125 0.5484375 0.5921875 0.7875
3 0.75703125 0.159375 0.1484375 0.1265625
3 0.55703125 0.29296875 0.165625 0.1140625
3 0.7734375 0.3625 0.1390625 0.1171875
3 0.20859375 0.12734375 0.0515625 0.075
3 0.6265625 0.46484375 0.1421875 0.253125
3 0.07421875 0.26640625 0.0765625 0.0875
3 0.5625 0.10625 0.1125 0.1265625
3 0.28671875 0.13828125 0.1078125 0.140625
3 0.484375 0.178125 0.146875 0.14375
3 0.63828125 0.1703125 0.2328125 0.2609375
3 0.49140625 0.07109375 0.0734375 0.0734375
3 0.034375 0.80625 0.06875 0.109375
3 0.04921875 0.11796875 0.090625 0.090625
3 0.83359375 0.228125 0.240625 0.1640625