3 0.51484375 0.7890625 0.5046875 0.421875
3 0.18984375 0.15703125 0.0671875 0.103125
3 0.75859375 0.55703125 0.2421875 0.3296875
3 0.946875 0.503125 0.0796875 0.0765625
3 0.96796875 0.1296875 0.0640625 0.090625
3 0.871875 0.71484375 0.2078125 0.2609375
3 0.36171875 0.52734375 0.7234375 0.9453125
3 0.8453125 0.21953125 0.184375 0.1671875
3 0.60390625 0.315625 0.2 0.1578125
3 0.8171875 0.43828125 0.1734375 0.1546875
3 0.27265625 0.06171875 0.071875 0.090625
3 0.63828125 0.5125 0.2078125 0.3
3 0.09921875 0.17890625 0.1 0.109375
3 0.65234375 0.11953125 0.146875 0.159375
3 0.353125 0.09140625 0.1453125 0.1734375
3 0.553125 0.178125 0.1875 0.184375
3 0.71796875 0.2046875 0.3046875 0.328125
3 0.584375 0.06640625 0.09375 0.09375
3 0.121875 0.0359375 0.08125 0.071875
3 0.8828125 0.309375 0.234375 0.228125