3 0.2296875 0.16875 0.103125 0.1015625
3 0.1046875 0.41328125 0.05 0.0625
3 0.028125 0.43046875 0.05625 0.0890625
3 0.16875 0.37265625 0.134375 0.16875
3 0.14375 0.765625 0.115625 0.10625
3 0.1484375 0.18828125 0.090625 0.10625
3 0.834375 0.6796875 0.1625 0.1859375
3 0.4421875 0.35390625 0.0828125 0.0875
3 0.73671875 0.4921875 0.0890625 0.09375
3 0.87265625 0.88203125 0.1140625 0.1328125
3 0.00703125 0.42265625 0.0140625 0.1078125
3 0.7515625 0.2671875 0.096875 0.0765625
3 0.37734375 0.16875 0.0859375 0.103125
3 0.88515625 0.1203125 0.0796875 0.1109375
3 0.70546875 0.12578125 0.075 0.071875
3 0.3234375 0.98828125 0.15 0.0234375
3 0.05546875 0.378125 0.1109375 0.134375
3 0.56015625 0.24375 0.0765625 0.0921875
3 0.684375 0.1765625 0.1234375 0.18125
3 0.90703125 0.01640625 0.0328125 0.0328125
3 0.63828125 0.40390625 0.1484375 0.1734375
3 0.946875 0.39375 0.10625 0.19375
3 0.82734375 0.246875 0.1546875 0.178125
3 0.79453125 0.36015625 0.1546875 0.175
3 0.1515625 0.1875 0.0921875 0.103125
3 0.53125 0.3625 0.096875 0.15625
3 0.43359375 0.11015625 0.0640625 0.071875
3 0.91484375 0.66015625 0.1703125 0.3359375
3 0.03828125 0.103125 0.0765625 0.06875
3 0.70234375 0.51171875 0.071875 0.08125
3 0.63125 0.640625 0.121875 0.1265625
3 0.70625 0.3515625 0.0984375 0.10625
3 0.43359375 0.99296875 0.0890625 0.0140625
3 0.60859375 0.15234375 0.0546875 0.0546875
3 0.20703125 0.4515625 0.0765625 0.0515625
3 0.80546875 0.04140625 0.0828125 0.0828125
3 0.44765625 0.3015625 0.0625 0.075
3 0.2609375 0.27265625 0.16875 0.1796875
3 0.09140625 0.24140625 0.0921875 0.1375
3 0.4828125 0.028125 0.115625 0.05625
3 0.5390625 0.12734375 0.1796875 0.21875
3 0.7859375 0.09140625 0.065625 0.053125
3 0.6078125 0.06796875 0.225 0.1359375
3 0.4625 0.26796875 0.0890625 0.0828125
3 0.8796875 0.36796875 0.090625 0.1484375
3 0.21484375 0.11171875 0.0578125 0.046875
3 0.64375 0.275 0.1375 0.159375
3 0.375 0.228125 0.05 0.05
3 0.4390625 0.38984375 0.0625 0.05625
3 0.48671875 0.6359375 0.0859375 0.0796875
3 0.9609375 0.52734375 0.078125 0.2203125
3 0.9 0.25859375 0.05 0.078125
3 0.79375 0.50625 0.0765625 0.096875
3 0.8375 0.14453125 0.065625 0.0640625
3 0.28828125 0.59296875 0.0578125 0.065625
3 0.63125 0.63984375 0.1203125 0.1265625
3 0.16875 0.29609375 0.06875 0.0703125
3 0.040625 0.22421875 0.0734375 0.08125
3 0.73359375 0.43515625 0.1140625 0.103125
3 0.9328125 0.11328125 0.025 0.0625
3 0.8796875 0.47734375 0.1421875 0.15625
3 0.60390625 0.1984375 0.0296875 0.0359375
3 0.58671875 0.22109375 0.03125 0.0453125
3 0.521875 0.88828125 0.1421875 0.2125
3 0.4421875 0.01875 0.065625 0.0375
3 0.66875 0.2515625 0.0921875 0.1328125
3 0.16796875 0.3703125 0.1359375 0.1671875
3 0.78359375 0.1640625 0.1453125 0.1171875
3 0.58203125 0.5609375 0.1125 0.1484375