3 0.34609375 0.159375 0.08125 0.078125
3 0.19609375 0.3578125 0.0375 0.05
3 0.1203125 0.3609375 0.05 0.0734375
3 0.26015625 0.33203125 0.0984375 0.1375
3 0.17578125 0.67734375 0.0921875 0.08125
3 0.2703125 0.16484375 0.06875 0.0859375
3 0.80390625 0.709375 0.1234375 0.1484375
3 0.50625 0.3578125 0.0640625 0.06875
3 0.74609375 0.52734375 0.06875 0.0734375
3 0.9578125 0.06953125 0.04375 0.0640625
3 0.97578125 0.86171875 0.0484375 0.0515625
3 0.80703125 0.9046875 0.0859375 0.1234375
3 0.06015625 0.35 0.09375 0.0953125
3 0.02265625 0.18125 0.0453125 0.1625
3 0.79453125 0.32890625 0.078125 0.05625
3 0.47734375 0.1828125 0.0640625 0.0828125
3 0.93671875 0.21953125 0.05625 0.0921875
3 0.77578125 0.19609375 0.059375 0.0546875
3 0.2984375 0.95234375 0.1296875 0.0953125
3 0.14140625 0.3171875 0.121875 0.103125
3 0.628125 0.278125 0.05625 0.075
3 0.74921875 0.23828125 0.0859375 0.1515625
3 0.9828125 0.1203125 0.034375 0.0515625
3 0.67265625 0.43359375 0.1125 0.1390625
3 0.9578125 0.4734375 0.0828125 0.165625
3 0.865625 0.3234375 0.1171875 0.1421875
3 0.81796875 0.41875 0.1171875 0.140625
3 0.2734375 0.16484375 0.0703125 0.0828125
3 0.58359375 0.3796875 0.065625 0.13125
3 0.03984375 0.71875 0.078125 0.071875
3 0.53671875 0.13984375 0.0484375 0.0578125
3 0.9125 0.71015625 0.175 0.2796875
3 0.17578125 0.06171875 0.084375 0.065625
3 0.01953125 0.071875 0.0390625 0.0796875
3 0.7125 0.5390625 0.0546875 0.0640625
3 0.62890625 0.6421875 0.09375 0.1
3 0.74140625 0.39765625 0.075 0.084375
3 0.12578125 0.07109375 0.0484375 0.0828125
3 0.39609375 0.9625 0.0765625 0.075
3 0.68515625 0.2046875 0.0421875 0.0421875
3 0.28125 0.4078125 0.0640625 0.0359375
3 0.878125 0.13671875 0.0640625 0.0640625
3 0.51875 0.31171875 0.046875 0.0609375
3 0.35703125 0.25703125 0.1296875 0.1421875
3 0.2109375 0.20234375 0.0640625 0.1140625
3 0.5953125 0.05546875 0.096875 0.078125
3 0.62734375 0.171875 0.134375 0.1765625
3 0.85234375 0.178125 0.053125 0.0390625
3 0.88125 0.97578125 0.1 0.0484375
3 0.70234375 0.10703125 0.1828125 0.1390625
3 0.5375 0.284375 0.0703125 0.0625
3 0.89296875 0.4390625 0.0609375 0.125
3 0.34140625 0.10703125 0.046875 0.034375
3 0.11796875 0.01640625 0.0953125 0.0328125
3 0.69765625 0.31875 0.103125 0.128125
3 0.465625 0.2359375 0.0390625 0.0390625
3 0.49765625 0.38984375 0.05 0.0421875
3 0.5015625 0.615625 0.06875 0.0609375
3 0.9609375 0.596875 0.078125 0.190625
3 0.928125 0.3453125 0.034375 0.065625
3 0.79453125 0.5484375 0.05625 0.078125
3 0.88984375 0.23359375 0.0515625 0.05
3 0.33125 0.54609375 0.04375 0.053125
3 0.62890625 0.64140625 0.0921875 0.1
3 0.271875 0.26328125 0.053125 0.0546875
3 0.16875 0.1796875 0.05625 0.0640625
3 0.75234375 0.47578125 0.090625 0.078125
3 0.98671875 0.22109375 0.0265625 0.0546875
3 0.9484375 0.89609375 0.0703125 0.05
3 0.87578125 0.53671875 0.1078125 0.125
3 0.67421875 0.2453125 0.021875 0.0296875
3 0.6546875 0.2625 0.021875 0.0375
3 0.03203125 0.65234375 0.0640625 0.071875
3 0.03515625 0.4140625 0.0703125 0.1390625
3 0.49296875 0.8453125 0.0984375 0.178125
3 0.55859375 0.03671875 0.0546875 0.0703125
3 0.7234375 0.30234375 0.065625 0.1109375
3 0.259375 0.3296875 0.1 0.1359375
3 0.8390625 0.24296875 0.11875 0.0859375
3 0.59765625 0.5640625 0.08125 0.121875