3 0.32890625 0.08359375 0.096875 0.09375
3 0.14453125 0.28828125 0.0453125 0.059375
3 0.06015625 0.284375 0.0625 0.0859375
3 0.21796875 0.265625 0.121875 0.1609375
3 0.090625 0.6390625 0.109375 0.0984375
3 0.24453125 0.08203125 0.084375 0.1015625
3 0.78046875 0.734375 0.15 0.175
3 0.4859375 0.31875 0.078125 0.08125
3 0.734375 0.528125 0.0828125 0.0875
3 0.99140625 0.0609375 0.0171875 0.040625
3 0.946875 0.91796875 0.0421875 0.0609375
3 0.765625 0.9390625 0.10625 0.121875
3 0.03203125 0.26953125 0.0359375 0.1078125
3 0.80703125 0.3140625 0.0921875 0.0703125
3 0.47109375 0.12265625 0.078125 0.096875
3 0.96875 0.20703125 0.0625 0.1078125
3 0.79921875 0.165625 0.0703125 0.0671875
3 0.20078125 0.93828125 0.15 0.0859375
3 0.0875 0.2375 0.1421875 0.125
3 0.628125 0.2421875 0.06875 0.0875
3 0.76640625 0.209375 0.109375 0.175
3 0.6625 0.41796875 0.1375 0.1640625
3 0.959375 0.48828125 0.08125 0.1890625
3 0.88671875 0.31484375 0.1421875 0.16875
3 0.82421875 0.415625 0.1421875 0.165625
3 0.24765625 0.0828125 0.0859375 0.0984375
3 0.56953125 0.35 0.084375 0.1515625
3 0.54140625 0.08125 0.059375 0.06875
3 0.8921875 0.7453125 0.203125 0.3234375
3 0.696875 0.53828125 0.0671875 0.0765625
3 0.59375 0.64375 0.1125 0.1203125
3 0.7421875 0.384375 0.090625 0.1
3 0.09140625 0.00625 0.0578125 0.0125
3 0.3078125 0.959375 0.0890625 0.059375
3 0.6984375 0.1671875 0.0515625 0.0515625
3 0.2328125 0.3515625 0.075 0.0453125
3 0.91796875 0.11015625 0.0765625 0.0765625
3 0.5046875 0.26796875 0.0578125 0.071875
3 0.33125 0.19296875 0.15625 0.1703125
3 0.17578125 0.11796875 0.08125 0.1328125
3 0.61171875 0.021875 0.109375 0.0359375
3 0.63828125 0.125 0.165625 0.2078125
3 0.8859375 0.153125 0.0625 0.0484375
3 0.72421875 0.07734375 0.2109375 0.1359375
3 0.528125 0.240625 0.084375 0.0765625
3 0.9046875 0.4453125 0.0796875 0.14375
3 0.32890625 0.02578125 0.0546875 0.0421875
3 0.7015625 0.29296875 0.1265625 0.1515625
3 0.453125 0.1796875 0.046875 0.046875
3 0.4734375 0.35234375 0.059375 0.0515625
3 0.45625 0.60234375 0.08125 0.0734375
3 0.95546875 0.625 0.0890625 0.215625
3 0.95234375 0.3453125 0.04375 0.075
3 0.7859375 0.55625 0.0703125 0.0921875
3 0.92109375 0.21875 0.0609375 0.0609375
3 0.275 0.509375 0.053125 0.0625
3 0.59375 0.64296875 0.1109375 0.11875
3 0.23671875 0.19140625 0.0640625 0.065625
3 0.13125 0.0890625 0.06875 0.0765625
3 0.74609375 0.471875 0.1078125 0.0953125
3 0.921875 0.9546875 0.0828125 0.0625
3 0.8765625 0.55078125 0.13125 0.1484375
3 0.68203125 0.21015625 0.0265625 0.034375
3 0.659375 0.22734375 0.028125 0.04375
3 0.425 0.8546875 0.1265625 0.20625
3 0.73125 0.278125 0.0828125 0.128125
3 0.21640625 0.26328125 0.1234375 0.159375
3 0.86484375 0.2234375 0.1390625 0.10625
3 0.5671875 0.5546875 0.1015625 0.1421875