3 0.615625 0.55 0.1546875 0.1453125
3 0.79609375 0.6828125 0.159375 0.175
3 0.54296875 0.29453125 0.1625 0.2
3 0.403125 0.39453125 0.196875 0.2171875
3 0.33046875 0.8265625 0.1171875 0.1078125
3 0.925 0.61796875 0.1453125 0.159375
3 0.2875 0.4859375 0.1359375 0.1625
3 0.2203125 0.1375 0.103125 0.115625
3 0.28046875 0.3109375 0.09375 0.1078125
3 0.4640625 0.16484375 0.1484375 0.1078125
3 0.6515625 0.04453125 0.1546875 0.08125
3 0.23359375 0.05703125 0.04375 0.075
3 0.121875 0.34375 0.0671875 0.0640625
3 0.01875 0.46796875 0.0375 0.0828125
3 0.8125 0.50625 0.078125 0.1390625
3 0.2515625 0.42578125 0.1265625 0.103125
3 0.503125 0.3953125 0.075 0.075
3 0.02734375 0.565625 0.0546875 0.0875
3 0.5359375 0.6453125 0.109375 0.1328125
3 0.21015625 0.6203125 0.1796875 0.1890625
3 0.36328125 0.7015625 0.2703125 0.221875
3 0.0453125 0.00390625 0.040625 0.0078125
3 0.70625 0.6828125 0.065625 0.0796875
3 0.54921875 0.496875 0.046875 0.1
3 0.6703125 0.45078125 0.11875 0.196875
3 0.75234375 0.46640625 0.0609375 0.08125
3 0.83671875 0.43359375 0.0359375 0.053125
3 0.23359375 0.2328125 0.0546875 0.0734375
3 0.171875 0.0171875 0.05 0.034375
3 0.63125 0.62109375 0.0734375 0.075
3 0.53046875 0.08046875 0.0984375 0.1609375
3 0.046875 0.38359375 0.0890625 0.13125
3 0.83515625 0.5578125 0.0875 0.1015625
3 0.14140625 0.38203125 0.0609375 0.084375
3 0.6859375 0.33359375 0.125 0.121875
3 0.7984375 0.371875 0.071875 0.090625
3 0.41875 0.4453125 0.1484375 0.1140625
3 0.4703125 0.58359375 0.09375 0.078125
3 0.18359375 0.3984375 0.06875 0.0546875
3 0.56484375 0.44140625 0.109375 0.0984375
3 0.29375 0.17265625 0.1859375 0.1015625
3 0.18125 0.4359375 0.0828125 0.075
3 0.21875 0.90859375 0.084375 0.0875
3 0.1921875 0.359375 0.059375 0.0515625
3 0.09140625 0.60546875 0.146875 0.1546875
3 0.4 0.540625 0.128125 0.128125
3 0.90625 0.32734375 0.1875 0.5390625
3 0.7359375 0.528125 0.078125 0.084375
3 0.1125 0.0765625 0.05 0.0828125
3 0.84296875 0.26328125 0.0734375 0.0859375
3 0.175 0.0171875 0.04375 0.034375
3 0.11953125 0.02421875 0.0890625 0.0484375
3 0.31875 0.115625 0.078125 0.0609375