3 0.6515625 0.55078125 0.1328125 0.125
3 0.82109375 0.66171875 0.1359375 0.1515625
3 0.57421875 0.3234375 0.1375 0.1734375
3 0.453125 0.4203125 0.16875 0.1875
3 0.4078125 0.81328125 0.1015625 0.0921875
3 0.9359375 0.596875 0.128125 0.1375
3 0.35234375 0.5078125 0.115625 0.140625
3 0.27578125 0.196875 0.0875 0.1
3 0.33828125 0.35078125 0.0796875 0.09375
3 0.0359375 0.23046875 0.0390625 0.04375
3 0.02109375 0.1109375 0.0421875 0.0921875
3 0.05703125 0.10625 0.0390625 0.0484375
3 0.49765625 0.21015625 0.1296875 0.090625
3 0.6609375 0.07734375 0.1359375 0.0984375
3 0.284375 0.12421875 0.0359375 0.065625
3 0.196875 0.38828125 0.0578125 0.0546875
3 0.08046875 0.50625 0.090625 0.0734375
3 0.82734375 0.5015625 0.0640625 0.121875
3 0.3171875 0.45625 0.109375 0.0875
3 0.54296875 0.41640625 0.0640625 0.0640625
3 0.09296875 0.59296875 0.1046875 0.0765625
3 0.58515625 0.63984375 0.0921875 0.115625
3 0.28984375 0.6328125 0.1546875 0.1625
3 0.43203125 0.69921875 0.234375 0.1875
3 0.096875 0.06484375 0.0671875 0.0453125
3 0.73984375 0.66640625 0.05625 0.06875
3 0.58984375 0.50625 0.0375 0.0890625
3 0.69609375 0.45859375 0.0984375 0.1734375
3 0.02890625 0.0578125 0.0359375 0.05
3 0.77109375 0.46875 0.0515625 0.0703125
3 0.84609375 0.43515625 0.0296875 0.046875
3 0.29296875 0.28203125 0.046875 0.0640625
3 0.228125 0.0828125 0.0421875 0.0484375
3 0.034375 0.2703125 0.0484375 0.0453125
3 0.66953125 0.6140625 0.0625 0.0640625
3 0.55390625 0.11953125 0.08125 0.165625
3 0.10234375 0.42734375 0.1328125 0.1140625
3 0.04453125 0.66875 0.059375 0.0484375
3 0.85 0.546875 0.075 0.0875
3 0.21640625 0.42109375 0.0515625 0.0734375
3 0.0203125 0.51953125 0.040625 0.159375
3 0.70546875 0.35234375 0.1078125 0.1046875
3 0.80859375 0.38125 0.0609375 0.078125
3 0.46953125 0.465625 0.1296875 0.096875
3 0.52265625 0.5875 0.08125 0.0671875
3 0.25546875 0.434375 0.059375 0.046875
3 0.60078125 0.45546875 0.09375 0.084375
3 0.34375 0.225 0.1640625 0.0828125
3 0.2546875 0.46796875 0.071875 0.0640625
3 0.3109375 0.89296875 0.071875 0.075
3 0.2609375 0.3984375 0.0515625 0.04375
3 0.18203125 0.625 0.1265625 0.1328125
3 0.45703125 0.55234375 0.109375 0.1109375
3 0.91640625 0.33671875 0.1671875 0.478125
3 0.759375 0.525 0.0671875 0.0734375
3 0.17578125 0.14765625 0.040625 0.0734375
3 0.84375 0.28125 0.0625 0.075
3 0.2296875 0.0828125 0.0375 0.0484375
3 0.1796875 0.08828125 0.0765625 0.0640625
3 0.3640625 0.17265625 0.06875 0.0515625