3 0.66796875 0.546875 0.146875 0.1390625
3 0.85 0.6453125 0.1515625 0.165625
3 0.56875 0.32265625 0.15625 0.1890625
3 0.45390625 0.43203125 0.1890625 0.20625
3 0.44296875 0.8359375 0.1125 0.103125
3 0.94453125 0.56875 0.1109375 0.15
3 0.359375 0.5296875 0.1296875 0.153125
3 0.25390625 0.2203125 0.0984375 0.109375
3 0.33125 0.37109375 0.0890625 0.103125
3 0.0171875 0.27578125 0.034375 0.0484375
3 0.00625 0.153125 0.0125 0.096875
3 0.02265625 0.14765625 0.04375 0.053125
3 0.48046875 0.2140625 0.140625 0.1046875
3 0.63515625 0.0640625 0.146875 0.1125
3 0.25546875 0.14609375 0.0421875 0.0703125
3 0.190625 0.421875 0.0640625 0.0609375
3 0.08203125 0.55234375 0.0984375 0.0828125
3 0.84296875 0.48125 0.0765625 0.1296875
3 0.31875 0.48046875 0.11875 0.1
3 0.54453125 0.4203125 0.071875 0.071875
3 0.103125 0.63984375 0.1140625 0.0875
3 0.60859375 0.64375 0.1046875 0.125
3 0.30625 0.6625 0.171875 0.1796875
3 0.45703125 0.71796875 0.25625 0.2109375
3 0.059375 0.1015625 0.071875 0.0515625
3 0.76796875 0.65703125 0.0640625 0.075
3 0.60078125 0.50703125 0.046875 0.09375
3 0.7046875 0.44921875 0.115625 0.1859375
3 0.0046875 0.1 0.009375 0.053125
3 0.78203125 0.45234375 0.0578125 0.0765625
3 0.85546875 0.41171875 0.034375 0.05
3 0.278125 0.30546875 0.053125 0.06875
3 0.19453125 0.1078125 0.046875 0.053125
3 0.0203125 0.315625 0.040625 0.05
3 0.69140625 0.61015625 0.0703125 0.0703125
3 0.5296875 0.11640625 0.096875 0.1765625
3 0.09765625 0.4703125 0.1453125 0.128125
3 0.06015625 0.72109375 0.065625 0.0546875
3 0.86953125 0.52578125 0.084375 0.096875
3 0.2125 0.45390625 0.059375 0.0796875
3 0.025 0.5703125 0.05 0.165625
3 0.7046875 0.33984375 0.11875 0.115625
3 0.8125 0.36015625 0.06875 0.084375
3 0.47421875 0.4765625 0.140625 0.1109375
3 0.53984375 0.59609375 0.0890625 0.075
3 0.25390625 0.46328125 0.065625 0.053125
3 0.60703125 0.4546875 0.103125 0.09375
3 0.325 0.2421875 0.175 0.0984375
3 0.25625 0.49765625 0.078125 0.071875
3 0.3515625 0.9265625 0.0796875 0.0828125
3 0.25625 0.4265625 0.05625 0.0484375
3 0.19609375 0.66484375 0.140625 0.146875
3 0.46953125 0.56640625 0.121875 0.121875
3 0.90546875 0.3046875 0.1890625 0.5
3 0.77578125 0.5109375 0.075 0.08125
3 0.146875 0.17890625 0.0484375 0.078125
3 0.8390625 0.25546875 0.0703125 0.08125
3 0.19609375 0.1078125 0.0421875 0.053125
3 0.14609375 0.11796875 0.0828125 0.071875
3 0.340625 0.1875 0.075 0.0578125