1 0.5109375 0.39609375 0.35078125 0.75390625
3 0.3390625 0.85703125 0.08046875 0.12578125
3 0.415625 0.95390625 0.0546875 0.0921875
3 0.45546875 0.9265625 0.06171875 0.14375
3 0.63984375 0.67890625 0.065625 0.0875
3 0.66875 0.53046875 0.065625 0.0828125
3 0.51640625 0.4671875 0.05859375 0.0609375
3 0.58671875 0.571875 0.0390625 0.059375
3 0.60703125 0.540625 0.0578125 0.05
3 0.56953125 0.69921875 0.0421875 0.06796875
3 0.39765625 0.45 0.08046875 0.1125
3 0.48828125 0.26171875 0.0421875 0.04609375