3 0.31328125 0.85703125 0.078125 0.0984375
3 0.11484375 0.90078125 0.053125 0.0515625
3 0.92890625 0.43125 0.0609375 0.0515625
3 0.79140625 0.59296875 0.0484375 0.05625
3 0.45390625 0.2171875 0.06875 0.08125
3 0.1703125 0.41484375 0.0703125 0.1109375
3 0.5234375 0.95625 0.0953125 0.0875
3 0.09140625 0.9640625 0.0984375 0.071875
3 0.79453125 0.34765625 0.040625 0.0515625
3 0.91796875 0.478125 0.046875 0.0765625
3 0.6890625 0.53671875 0.0765625 0.0515625
3 0.12734375 0.2125 0.0640625 0.0703125
3 0.27265625 0.45703125 0.0828125 0.096875
3 0.4734375 0.43671875 0.0453125 0.09375
3 0.97578125 0.65859375 0.0484375 0.1109375
3 0.80859375 0.7390625 0.0640625 0.0609375
3 0.06640625 0.74140625 0.0953125 0.090625
3 0.2390625 0.69453125 0.25 0.178125
3 0.7390625 0.34609375 0.05 0.05625
3 0.0359375 0.67890625 0.071875 0.05625
3 0.90859375 0.82578125 0.1109375 0.1578125
3 0.24453125 0.49609375 0.103125 0.10625
3 0.70546875 0.9421875 0.1234375 0.115625
3 0.3984375 0.8953125 0.0875 0.0875
3 0.42421875 0.959375 0.0859375 0.08125
3 0.4109375 0.62578125 0.096875 0.09375
3 0.71796875 0.46953125 0.0296875 0.0296875
3 0.89765625 0.7328125 0.046875 0.05
3 0.89921875 0.55 0.028125 0.03125
3 0.76796875 0.853125 0.440625 0.2390625
3 0.5875 0.4421875 0.0234375 0.028125
3 0.30703125 0.51875 0.0296875 0.071875
3 0.95078125 0.72421875 0.0515625 0.0546875
3 0.62421875 0.3609375 0.0265625 0.0359375
3 0.5203125 0.31796875 0.1640625 0.1109375
3 0.0359375 0.49375 0.071875 0.1421875
3 0.13515625 0.54765625 0.05625 0.0609375
3 0.3078125 0.79453125 0.0609375 0.04375
3 0.76875 0.49375 0.03125 0.03125
3 0.84921875 0.65 0.0375 0.04375
3 0.48984375 0.8 0.1171875 0.1078125
3 0.821875 0.39140625 0.0609375 0.05
3 0.47421875 0.5890625 0.08125 0.084375
3 0.83203125 0.59140625 0.0328125 0.0375
3 0.69296875 0.690625 0.0453125 0.040625
3 0.1546875 0.90703125 0.0625 0.0703125
3 0.671875 0.6625 0.0296875 0.0296875
3 0.2671875 0.91328125 0.11875 0.128125
3 0.06640625 0.56328125 0.0953125 0.059375
3 0.22890625 0.5671875 0.1203125 0.109375
3 0.3171875 0.59609375 0.0953125 0.0734375
3 0.56875 0.51328125 0.11875 0.125
3 0.0859375 0.61015625 0.0484375 0.0765625
3 0.54375 0.61171875 0.0578125 0.0828125
3 0.4171875 0.72109375 0.075 0.0828125
3 0.3953125 0.51328125 0.1296875 0.15625
3 0.359375 0.8125 0.05 0.0671875
3 0.25703125 0.40234375 0.05625 0.0515625
3 0.67578125 0.63828125 0.0328125 0.0328125
3 0.971875 0.434375 0.05625 0.103125
3 0.5453125 0.70078125 0.1328125 0.1265625
3 0.65390625 0.38125 0.025 0.0375
3 0.4984375 0.4734375 0.0375 0.04375
3 0.77421875 0.428125 0.05625 0.0484375
3 0.61015625 0.4390625 0.0359375 0.0328125
3 0.65234375 0.6390625 0.021875 0.034375
3 0.03984375 0.8609375 0.0796875 0.190625
3 0.70625 0.4046875 0.078125 0.06875
3 0.18828125 0.24375 0.053125 0.0625
3 0.03515625 0.6265625 0.0703125 0.1015625