3 0.23203125 0.82265625 0.0984375 0.115625
3 0.02734375 0.8234375 0.0546875 0.0625
3 0.9375 0.52734375 0.071875 0.0640625
3 0.765625 0.66015625 0.0609375 0.0671875
3 0.50859375 0.2125 0.0859375 0.0953125
3 0.18203125 0.35 0.09375 0.125
3 0.42109375 0.95625 0.1109375 0.0875
3 0.021875 0.87265625 0.04375 0.0765625
3 0.8203125 0.415625 0.0515625 0.059375
3 0.91640625 0.57265625 0.0625 0.0859375
3 0.675 0.58203125 0.0875 0.0671875
3 0.18203125 0.13828125 0.0796875 0.084375
3 0.27578125 0.4140625 0.103125 0.1140625
3 0.48046875 0.4359375 0.065625 0.103125
3 0.9328125 0.76484375 0.065625 0.1203125
3 0.75234375 0.81015625 0.0765625 0.075
3 0.0328125 0.65390625 0.065625 0.1109375
3 0.19140625 0.64453125 0.2875 0.23125
3 0.765625 0.40234375 0.0609375 0.0671875
3 0.0171875 0.5859375 0.034375 0.06875
3 0.8328125 0.91328125 0.14375 0.1734375
3 0.23984375 0.446875 0.125 0.128125
3 0.60703125 0.959375 0.1453125 0.08125
3 0.30859375 0.87890625 0.10625 0.10625
3 0.32265625 0.93984375 0.1 0.0828125
3 0.378125 0.6125 0.1171875 0.1140625
3 0.71875 0.52109375 0.0359375 0.0359375
3 0.8421875 0.82265625 0.0578125 0.059375
3 0.88203125 0.640625 0.034375 0.0375
3 0.68671875 0.87421875 0.4921875 0.2515625
3 0.59375 0.46640625 0.0296875 0.0328125
3 0.296875 0.4828125 0.0453125 0.078125
3 0.896875 0.82578125 0.0625 0.065625
3 0.64765625 0.3921875 0.034375 0.0421875
3 0.55234375 0.32734375 0.1875 0.1453125
3 0.04140625 0.40078125 0.0828125 0.1546875
3 0.11875 0.47578125 0.0703125 0.0734375
3 0.2390625 0.759375 0.0703125 0.05625
3 0.7640625 0.55625 0.0375 0.0375
3 0.81171875 0.72890625 0.046875 0.0515625
3 0.4203125 0.803125 0.1390625 0.1328125
3 0.8390625 0.46484375 0.071875 0.0625
3 0.44921875 0.5890625 0.0984375 0.1015625
3 0.80625 0.6671875 0.040625 0.04375
3 0.64609375 0.7375 0.053125 0.05
3 0.0625 0.8390625 0.078125 0.084375
3 0.63125 0.7046875 0.0359375 0.0359375
3 0.1734375 0.86875 0.1453125 0.153125
3 0.05 0.47578125 0.1 0.0796875
3 0.20859375 0.51484375 0.14375 0.134375
3 0.290625 0.5625 0.1109375 0.09375
3 0.56015625 0.53359375 0.1453125 0.15
3 0.05625 0.52734375 0.0640625 0.0859375
3 0.5140625 0.62578125 0.075 0.0953125
3 0.3640625 0.709375 0.0921875 0.0984375
3 0.38671875 0.496875 0.1625 0.1828125
3 0.28671875 0.7875 0.0640625 0.078125
3 0.271875 0.35546875 0.0671875 0.0625
3 0.640625 0.68046875 0.040625 0.040625
3 0.9703125 0.53828125 0.059375 0.1140625
3 0.49609375 0.715625 0.159375 0.1546875
3 0.67265625 0.41953125 0.0328125 0.0421875
3 0.4984375 0.478125 0.046875 0.0515625
3 0.78359375 0.49140625 0.0671875 0.0609375
3 0.6171875 0.4671875 0.0421875 0.040625
3 0.61640625 0.6765625 0.0296875 0.0390625
3 0.72109375 0.453125 0.0921875 0.0859375
3 0.23671875 0.1828125 0.0671875 0.0734375
3 0.02421875 0.53359375 0.0484375 0.1140625