3 0.4046875 0.90234375 0.1 0.115625
3 0.21796875 0.9796875 0.0640625 0.040625
3 0.9171875 0.340625 0.071875 0.065625
3 0.81796875 0.53203125 0.0609375 0.0671875
3 0.39765625 0.23671875 0.0859375 0.096875
3 0.16171875 0.496875 0.0953125 0.125
3 0.6328125 0.94453125 0.1109375 0.0921875
3 0.76484375 0.28828125 0.0515625 0.0609375
3 0.9171875 0.3890625 0.0640625 0.0875
3 0.70390625 0.49921875 0.0875 0.06875
3 0.0734375 0.30625 0.0796875 0.084375
3 0.2734375 0.515625 0.1046875 0.115625
3 0.4671875 0.45 0.065625 0.103125
3 0.98828125 0.55546875 0.0234375 0.1171875
3 0.86796875 0.67265625 0.0765625 0.075
3 0.13359375 0.84453125 0.115625 0.1109375
3 0.29453125 0.75859375 0.2875 0.234375
3 0.709375 0.29921875 0.0625 0.0671875
3 0.090625 0.78828125 0.0828125 0.071875
3 0.95703125 0.7359375 0.0859375 0.18125
3 0.25390625 0.5609375 0.1265625 0.128125
3 0.81015625 0.8890625 0.1453125 0.1265625
3 0.49765625 0.9203125 0.10625 0.10625
3 0.5359375 0.9640625 0.1 0.071875
3 0.4484375 0.6515625 0.1171875 0.115625
3 0.7171875 0.4265625 0.0359375 0.0359375
3 0.9546875 0.64609375 0.0578125 0.0609375
3 0.9140625 0.46484375 0.0359375 0.0375
3 0.803125 0.79296875 0.39375 0.3359375
3 0.58125 0.42890625 0.0296875 0.0328125
3 0.32109375 0.56953125 0.0453125 0.078125
3 0.98671875 0.625 0.0265625 0.065625
3 0.59921875 0.33984375 0.034375 0.0421875
3 0.48671875 0.32109375 0.1875 0.146875
3 0.04921875 0.6046875 0.0984375 0.15625
3 0.1578125 0.63671875 0.06875 0.0734375
3 0.38515625 0.84140625 0.0703125 0.0578125
3 0.77265625 0.43828125 0.0390625 0.0390625
3 0.8875 0.575 0.046875 0.0515625
3 0.56640625 0.80546875 0.140625 0.1328125
3 0.80234375 0.325 0.071875 0.0640625
3 0.503125 0.6 0.1 0.103125
3 0.8578125 0.52109375 0.040625 0.0453125
3 0.7421875 0.65078125 0.0546875 0.05
3 0.259375 0.97265625 0.078125 0.0546875
3 0.715625 0.62734375 0.0359375 0.0359375
3 0.371875 0.9453125 0.146875 0.109375
3 0.09296875 0.66796875 0.1078125 0.0796875
3 0.25546875 0.63515625 0.14375 0.1359375
3 0.3484375 0.64296875 0.1109375 0.09375
3 0.5796875 0.503125 0.1453125 0.1515625
3 0.1234375 0.709375 0.065625 0.0875
3 0.5765625 0.60625 0.0765625 0.0953125
3 0.4765625 0.74453125 0.09375 0.1
3 0.40703125 0.54296875 0.1640625 0.184375
3 0.43984375 0.8484375 0.0640625 0.078125
3 0.2453125 0.46484375 0.0671875 0.0640625
3 0.7140625 0.603125 0.040625 0.040625
3 0.95234375 0.33515625 0.065625 0.1125
3 0.5984375 0.69453125 0.1609375 0.15625
3 0.6328125 0.35390625 0.034375 0.04375
3 0.5 0.48046875 0.046875 0.0515625
3 0.76328125 0.37265625 0.0671875 0.0609375
3 0.603125 0.42109375 0.04375 0.040625
3 0.690625 0.609375 0.0296875 0.0390625
3 0.1359375 0.93203125 0.121875 0.1359375
3 0.68984375 0.36484375 0.09375 0.0859375
3 0.14140625 0.32421875 0.0671875 0.0734375
3 0.07734375 0.73671875 0.090625 0.115625