0 0.59375 0.81171875 0.8125 0.15859375
3 0.56171875 0.84140625 0.07421875 0.1078125
3 0.65859375 0.66640625 0.06484375 0.08359375
3 0.6578125 0.59609375 0.059375 0.08828125
3 0.71015625 0.62265625 0.05546875 0.08828125
3 0.484375 0.53515625 0.0953125 0.09609375
3 0.0703125 0.7875 0.0875 0.09609375
3 0.2109375 0.62265625 0.07109375 0.0796875
0 0.775 0.284375 0.0859375 0.09140625
3 0.946875 0.6859375 0.08203125 0.103125
0 0.53203125 0.24921875 0.17890625 0.1328125
0 0.1484375 0.4875 0.29375 0.21796875
0 0.228125 0.2734375 0.3078125 0.1578125
0 0.94453125 0.1875 0.1109375 0.09609375