0 0.5953125 0.7921875 0.809375 0.284375
3 0.60078125 0.82734375 0.09375 0.1234375
3 0.67578125 0.628125 0.08125 0.0984375
3 0.66484375 0.5546875 0.075 0.1015625
3 0.72421875 0.575 0.071875 0.1015625
3 0.4734375 0.51640625 0.1140625 0.1140625
3 0.0828125 0.84140625 0.0921875 0.1125
3 0.19921875 0.6484375 0.0875 0.09375
0 0.7421875 0.20859375 0.1046875 0.109375
3 0.965625 0.60546875 0.06875 0.1203125
0 0.48125 0.2078125 0.2078125 0.165625
0 0.14140625 0.5109375 0.2828125 0.26875
0 0.16875 0.278125 0.3375 0.2125
0 0.896875 0.08203125 0.1125 0.115625