0 0.57890625 0.84375 0.8421875 0.165625
3 0.5484375 0.87578125 0.078125 0.1125
3 0.64921875 0.6921875 0.0671875 0.0875
3 0.6484375 0.61953125 0.0625 0.0921875
3 0.70390625 0.646875 0.0578125 0.0921875
3 0.4671875 0.55546875 0.1 0.1
3 0.040625 0.81796875 0.08125 0.1015625
3 0.1828125 0.646875 0.075 0.0828125
0 0.77109375 0.29296875 0.090625 0.0953125
3 0.95078125 0.71328125 0.0859375 0.1078125
0 0.5171875 0.25546875 0.1875 0.1375
0 0.13515625 0.5046875 0.26875 0.228125
0 0.20078125 0.28125 0.321875 0.165625
0 0.94453125 0.18984375 0.1109375 0.1015625