3 0.0328125 0.66953125 0.0296875 0.05625
3 0.96796875 0.315625 0.0203125 0.0421875
3 0.86875 0.3484375 0.046875 0.053125
3 0.80703125 0.2796875 0.0265625 0.0296875
3 0.87890625 0.22109375 0.071875 0.0453125
3 0.21015625 0.634375 0.05625 0.0640625
3 0.26953125 0.7578125 0.0765625 0.09375
3 0.7484375 0.64921875 0.084375 0.0828125
3 0.096875 0.9171875 0.071875 0.0765625
3 0.18125 0.275 0.040625 0.03125
3 0.46171875 0.56328125 0.0765625 0.071875
3 0.21015625 0.86171875 0.234375 0.2390625
3 0.65703125 0.73046875 0.078125 0.0796875
3 0.08125 0.73046875 0.071875 0.065625
3 0.94296875 0.23359375 0.040625 0.040625
3 0.83203125 0.709375 0.06875 0.05625
3 0.4125 0.98125 0.125 0.0375
3 0.80546875 0.38125 0.0640625 0.06875
3 0.4171875 0.16796875 0.0921875 0.0796875
3 0.61328125 0.51796875 0.071875 0.0921875
3 0.84140625 0.3171875 0.053125 0.046875
3 0.778125 0.41953125 0.0609375 0.0703125
3 0.759375 0.79609375 0.1453125 0.1203125
3 0.95703125 0.696875 0.0859375 0.2375
3 0.75625 0.3140625 0.0703125 0.0625
3 0.6515625 0.6734375 0.05625 0.05625
3 0.6546875 0.81015625 0.1171875 0.109375
3 0.0828125 0.684375 0.040625 0.04375
3 0.67265625 0.54609375 0.0390625 0.028125
3 0.22734375 0.31015625 0.04375 0.0359375
3 0.2203125 0.96640625 0.084375 0.0671875
3 0.978125 0.5125 0.04375 0.05625
3 0.8265625 0.43828125 0.075 0.075
3 0.3921875 0.46640625 0.0328125 0.040625
3 0.8734375 0.25859375 0.04375 0.0375
3 0.2296875 0.621875 0.0359375 0.0359375
3 0.03671875 0.55703125 0.05 0.0640625
3 0.175 0.971875 0.0421875 0.05
3 0.9546875 0.46953125 0.0703125 0.078125
3 0.54609375 0.5671875 0.1109375 0.1296875
3 0.94609375 0.365625 0.0640625 0.0546875
3 0.9140625 0.30078125 0.025 0.034375
3 0.81015625 0.3453125 0.0515625 0.0453125
3 0.19296875 0.66484375 0.0546875 0.0578125
3 0.51171875 0.40625 0.0640625 0.053125
3 0.29609375 0.39296875 0.053125 0.05
3 0.98515625 0.45 0.0296875 0.071875
3 0.7796875 0.59296875 0.1359375 0.134375
3 0.02265625 0.61875 0.028125 0.0625
3 0.77421875 0.85390625 0.1484375 0.1328125
3 0.9109375 0.27421875 0.0359375 0.0375
3 0.746875 0.56875 0.178125 0.175
3 0.2328125 0.4515625 0.075 0.090625
3 0.78125 0.7015625 0.1 0.0796875
3 0.6578125 0.61875 0.065625 0.0609375
3 0.4671875 0.81875 0.05 0.0453125
3 0.55234375 0.66328125 0.140625 0.134375
3 0.78203125 0.5015625 0.1140625 0.096875
3 0.29453125 0.36015625 0.0359375 0.0296875
3 0.3234375 0.296875 0.0703125 0.0703125
3 0.3703125 0.70390625 0.0890625 0.075
3 0.43125 0.34140625 0.203125 0.19375
3 0.58359375 0.54609375 0.0421875 0.0359375
3 0.5703125 0.72421875 0.05625 0.0875
3 0.88125 0.2984375 0.0484375 0.046875
3 0.853125 0.56796875 0.075 0.078125
3 0.48359375 0.4578125 0.0984375 0.10625
3 0.3109375 0.55078125 0.059375 0.0765625
3 0.83828125 0.78046875 0.08125 0.1
3 0.70703125 0.71171875 0.084375 0.0953125
3 0.49375 0.86953125 0.1125 0.0875
3 0.334375 0.490625 0.1375 0.1421875
3 0.3578125 0.7859375 0.1546875 0.1625
3 0.49609375 0.2953125 0.1046875 0.115625
3 0.2640625 0.49453125 0.028125 0.0375
3 0.125 0.5859375 0.0453125 0.0625
3 0.0703125 0.8078125 0.0609375 0.09375
3 0.27578125 0.58984375 0.059375 0.053125
3 0.89765625 0.40625 0.03125 0.04375
3 0.75859375 0.365625 0.059375 0.0515625
3 0.33046875 0.6515625 0.1484375 0.1484375
3 0.709375 0.309375 0.0390625 0.0671875
3 0.72734375 0.7578125 0.0703125 0.08125
3 0.85234375 0.665625 0.065625 0.0609375
3 0.290625 0.4328125 0.0390625 0.04375
3 0.98125 0.55625 0.0375 0.065625
3 0.89609375 0.76875 0.05 0.046875
3 0.946875 0.60625 0.090625 0.078125
3 0.11640625 0.66953125 0.0765625 0.1
3 0.221875 0.20703125 0.0421875 0.04375
3 0.93984375 0.42265625 0.0625 0.075
3 0.39296875 0.240625 0.13125 0.0875
3 0.0796875 0.57421875 0.0515625 0.0390625
3 0.4546875 0.68671875 0.1015625 0.0921875
3 0.390625 0.58671875 0.1234375 0.153125
3 0.86015625 0.28984375 0.0265625 0.0296875
3 0.5046875 0.75546875 0.15625 0.153125
3 0.9484375 0.53125 0.0703125 0.08125
3 0.25078125 0.34375 0.034375 0.03125
3 0.85859375 0.884375 0.2828125 0.1625
3 0.7265625 0.3984375 0.05625 0.0640625
3 0.84296875 0.3765625 0.0328125 0.053125
3 0.8796875 0.52578125 0.1015625 0.0890625
3 0.01875 0.5796875 0.034375 0.0625
3 0.05546875 0.6171875 0.0484375 0.0421875
3 0.615625 0.79453125 0.109375 0.1015625
3 0.9734375 0.40234375 0.040625 0.0515625
3 0.89375 0.70390625 0.11875 0.103125