3 0.0171875 0.5859375 0.034375 0.0515625
3 0.9890625 0.403125 0.021875 0.0390625
3 0.88359375 0.41640625 0.0390625 0.046875
3 0.8359375 0.340625 0.021875 0.025
3 0.915625 0.29609375 0.065625 0.0328125
3 0.2015625 0.58046875 0.046875 0.0546875
3 0.2375 0.709375 0.0609375 0.0828125
3 0.7171875 0.6859375 0.071875 0.0703125
3 0.040625 0.83359375 0.0671875 0.065625
3 0.234375 0.22890625 0.0359375 0.025
3 0.45546875 0.55390625 0.065625 0.059375
3 0.1625 0.7984375 0.196875 0.203125
3 0.615625 0.7484375 0.065625 0.0671875
3 0.0609375 0.65078125 0.0609375 0.0546875
3 0.9796875 0.31953125 0.040625 0.0359375
3 0.7875 0.75859375 0.059375 0.0453125
3 0.334375 0.9703125 0.115625 0.059375
3 0.8171875 0.4375 0.053125 0.059375
3 0.4796875 0.16640625 0.0796875 0.065625
3 0.609375 0.53671875 0.05625 0.08125
3 0.86328125 0.38125 0.046875 0.0390625
3 0.78515625 0.46953125 0.05 0.0609375
3 0.70234375 0.8296875 0.1265625 0.096875
3 0.94375 0.775 0.1125 0.2171875
3 0.78125 0.36484375 0.0609375 0.0515625
3 0.6203125 0.6921875 0.046875 0.0484375
3 0.59921875 0.825 0.1 0.090625
3 0.06953125 0.60703125 0.034375 0.0375
3 0.6609375 0.5734375 0.034375 0.021875
3 0.2734375 0.27109375 0.0390625 0.028125
3 0.15 0.925 0.065625 0.1015625
3 0.971875 0.59375 0.05625 0.046875
3 0.828125 0.49609375 0.0625 0.0640625
3 0.40546875 0.44921875 0.0265625 0.0359375
3 0.90390625 0.33125 0.0390625 0.0296875
3 0.221875 0.571875 0.0296875 0.0296875
3 0.046875 0.4765625 0.0390625 0.05625
3 0.109375 0.9 0.034375 0.04375
3 0.94609375 0.5484375 0.0578125 0.0671875
3 0.5359375 0.57265625 0.090625 0.1125
3 0.95546875 0.446875 0.0546875 0.0453125
3 0.9359375 0.378125 0.01875 0.03125
3 0.828125 0.40390625 0.0453125 0.0375
3 0.17890625 0.60625 0.0453125 0.05
3 0.53046875 0.41171875 0.05625 0.0421875
3 0.325 0.3625 0.0453125 0.0421875
3 0.9859375 0.53515625 0.028125 0.0671875
3 0.75703125 0.63671875 0.115625 0.1140625
3 0.01640625 0.53359375 0.0328125 0.0578125
3 0.70703125 0.8875 0.128125 0.109375
3 0.9375 0.35234375 0.0296875 0.03125
3 0.7296875 0.60859375 0.1515625 0.146875
3 0.25390625 0.40859375 0.0609375 0.0796875
3 0.73984375 0.7421875 0.0875 0.0640625
3 0.634375 0.64140625 0.05625 0.0515625
3 0.4171875 0.8015625 0.04375 0.0375
3 0.52578125 0.66640625 0.1203125 0.1125
3 0.77421875 0.55 0.1 0.078125
3 0.32890625 0.33046875 0.03125 0.0234375
3 0.36796875 0.27421875 0.059375 0.059375
3 0.34375 0.67421875 0.078125 0.0609375
3 0.4640625 0.3359375 0.1734375 0.1609375
3 0.57578125 0.55859375 0.0359375 0.0296875
3 0.5328125 0.72734375 0.0421875 0.0796875
3 0.9046875 0.37109375 0.040625 0.0390625
3 0.83203125 0.625 0.0625 0.0671875
3 0.49453125 0.45625 0.08125 0.090625
3 0.31171875 0.5171875 0.046875 0.0671875
3 0.78125 0.828125 0.065625 0.0875
3 0.66640625 0.7390625 0.06875 0.0828125
3 0.434375 0.8546875 0.1 0.06875
3 0.3453125 0.4625 0.115625 0.121875
3 0.3171875 0.7515625 0.128125 0.1390625
3 0.534375 0.30234375 0.0859375 0.1
3 0.2765625 0.4546875 0.021875 0.0328125
3 0.12734375 0.51875 0.034375 0.05625
3 0.0296875 0.725 0.059375 0.0859375
3 0.271875 0.5484375 0.0515625 0.04375
3 0.90234375 0.47734375 0.0234375 0.0390625
3 0.775 0.4140625 0.0515625 0.0421875
3 0.3140625 0.6171875 0.125 0.125
3 0.73671875 0.3515625 0.028125 0.0609375
3 0.678125 0.78671875 0.0578125 0.0703125
3 0.8140625 0.71953125 0.05625 0.0515625
3 0.3125 0.4 0.0328125 0.0375
3 0.9703125 0.6375 0.053125 0.05625
3 0.8390625 0.8265625 0.04375 0.0390625
3 0.915625 0.678125 0.078125 0.0640625
3 0.1046875 0.59765625 0.0609375 0.0875
3 0.28515625 0.1703125 0.0359375 0.0375
3 0.93984375 0.5 0.0515625 0.065625
3 0.44453125 0.23203125 0.11875 0.065625
3 0.0859375 0.5 0.046875 0.0296875
3 0.42734375 0.671875 0.0875 0.0765625
3 0.3828125 0.56484375 0.0984375 0.134375
3 0.8859375 0.35859375 0.021875 0.025
3 0.4640625 0.746875 0.1328125 0.128125
3 0.9296875 0.60625 0.0578125 0.0703125
3 0.28984375 0.3078125 0.0296875 0.025
3 0.81171875 0.9421875 0.3203125 0.115625
3 0.73828125 0.440625 0.046875 0.0546875
3 0.8546875 0.43984375 0.0234375 0.0484375
3 0.86484375 0.5890625 0.0875 0.0734375
3 0.01953125 0.49609375 0.0390625 0.0578125
3 0.05546875 0.5375 0.0421875 0.034375
3 0.5640625 0.803125 0.09375 0.084375
3 0.98046875 0.4875 0.0390625 0.0453125
3 0.84765625 0.76328125 0.103125 0.084375