3 0.9890625 0.38359375 0.0171875 0.0421875
3 0.87890625 0.4015625 0.04375 0.0515625
3 0.82578125 0.3203125 0.0234375 0.028125
3 0.91171875 0.2703125 0.071875 0.0375
3 0.1421875 0.5921875 0.0515625 0.0609375
3 0.18359375 0.73125 0.0671875 0.090625
3 0.703125 0.69609375 0.0796875 0.078125
3 0.17109375 0.209375 0.0390625 0.028125
3 0.4171875 0.55859375 0.071875 0.065625
3 0.1078125 0.828125 0.2078125 0.2234375
3 0.59453125 0.76640625 0.071875 0.0734375
3 0.01328125 0.6703125 0.021875 0.059375
3 0.97734375 0.29375 0.0375 0.0390625
3 0.78125 0.77421875 0.065625 0.05
3 0.29296875 0.98984375 0.1265625 0.0203125
3 0.80703125 0.425 0.059375 0.065625
3 0.4359375 0.1375 0.0875 0.071875
3 0.58359375 0.53671875 0.0625 0.0890625
3 0.85625 0.36328125 0.0515625 0.04375
3 0.77265625 0.4609375 0.0546875 0.0671875
3 0.68984375 0.853125 0.1390625 0.1078125
3 0.94375 0.7875 0.1125 0.2375
3 0.7671875 0.346875 0.0671875 0.0578125
3 0.5984375 0.70546875 0.0515625 0.053125
3 0.578125 0.84921875 0.1109375 0.1
3 0.01015625 0.621875 0.015625 0.040625
3 0.640625 0.57578125 0.0375 0.0234375
3 0.2140625 0.2546875 0.0421875 0.03125
3 0.09140625 0.9546875 0.0734375 0.090625
3 0.9734375 0.59140625 0.053125 0.0515625
3 0.8203125 0.48828125 0.06875 0.0703125
3 0.3609375 0.4453125 0.0296875 0.0390625
3 0.89921875 0.30859375 0.0421875 0.0328125
3 0.1640625 0.5828125 0.0328125 0.0328125
3 0.0484375 0.93984375 0.0390625 0.0484375
3 0.94921875 0.54296875 0.0640625 0.0734375
3 0.5046875 0.57734375 0.1 0.1234375
3 0.9578125 0.4328125 0.0609375 0.05
3 0.93515625 0.35859375 0.0203125 0.034375
3 0.81875 0.38828125 0.05 0.0421875
3 0.11875 0.6203125 0.05 0.0546875
3 0.49609375 0.40234375 0.0625 0.046875
3 0.271875 0.353125 0.05 0.046875
3 0.98828125 0.52734375 0.0234375 0.0734375
3 0.7453125 0.64296875 0.128125 0.125
3 0.69609375 0.915625 0.140625 0.121875
3 0.9359375 0.33046875 0.0328125 0.034375
3 0.715625 0.6125 0.1671875 0.1625
3 0.19609375 0.4046875 0.0671875 0.0875
3 0.72890625 0.75703125 0.0953125 0.071875
3 0.6125 0.65 0.0625 0.0578125
3 0.3796875 0.828125 0.0484375 0.0421875
3 0.4953125 0.67890625 0.1328125 0.1234375
3 0.7625 0.54765625 0.109375 0.0859375
3 0.27578125 0.31796875 0.034375 0.0265625
3 0.3171875 0.25625 0.065625 0.065625
3 0.29765625 0.69140625 0.0859375 0.0671875
3 0.42265625 0.321875 0.190625 0.178125
3 0.54765625 0.5609375 0.0390625 0.0328125
3 0.50390625 0.74453125 0.046875 0.0875
3 0.90078125 0.3515625 0.04375 0.0421875
3 0.8265625 0.628125 0.06875 0.0734375
3 0.4578125 0.4515625 0.090625 0.1
3 0.26015625 0.52109375 0.0515625 0.0734375
3 0.77578125 0.84921875 0.0734375 0.0953125
3 0.64921875 0.75546875 0.075 0.090625
3 0.4 0.884375 0.109375 0.0765625
3 0.29609375 0.46171875 0.128125 0.134375
3 0.27109375 0.775 0.1421875 0.153125
3 0.49765625 0.28359375 0.0953125 0.1109375
3 0.22109375 0.45390625 0.0234375 0.0359375
3 0.0609375 0.5265625 0.0390625 0.0609375
3 0.21796875 0.55546875 0.0578125 0.0484375
3 0.9 0.46640625 0.0265625 0.0421875
3 0.7609375 0.40078125 0.0578125 0.046875
3 0.26484375 0.6296875 0.1390625 0.1390625
3 0.71796875 0.33359375 0.03125 0.0671875
3 0.66328125 0.80625 0.0640625 0.078125
3 0.809375 0.73125 0.0625 0.0578125
3 0.259375 0.39375 0.0359375 0.040625
3 0.9734375 0.6390625 0.053125 0.0625
3 0.83828125 0.846875 0.0484375 0.04375
3 0.91875 0.684375 0.0859375 0.0703125
3 0.0375 0.61171875 0.06875 0.0953125
3 0.225 0.1453125 0.0390625 0.040625
3 0.94140625 0.490625 0.0578125 0.071875
3 0.3984375 0.209375 0.1296875 0.0734375
3 0.0203125 0.50625 0.040625 0.0328125
3 0.3890625 0.68671875 0.0953125 0.084375
3 0.3390625 0.571875 0.109375 0.1484375
3 0.8796875 0.3375 0.0234375 0.028125
3 0.43046875 0.76796875 0.146875 0.1421875
3 0.93203125 0.60546875 0.0640625 0.078125
3 0.2328125 0.29453125 0.0328125 0.028125
3 0.81015625 0.95234375 0.3484375 0.090625
3 0.72109375 0.4296875 0.0515625 0.0609375
3 0.84765625 0.4265625 0.0265625 0.053125
3 0.86171875 0.58828125 0.0953125 0.08125
3 0.5390625 0.8265625 0.103125 0.09375
3 0.98125 0.475 0.0375 0.05
3 0.84609375 0.77734375 0.1140625 0.09375