1 0.5171875 0.4 0.2 0.375
3 0.45625 0.52109375 0.0375 0.05
3 0.478125 0.684375 0.034375 0.03984375
3 0.4984375 0.50859375 0.034375 0.03359375
3 0.51171875 0.37890625 0.0546875 0.06640625
3 0.53203125 0.421875 0.0515625 0.06875
3 0.5625 0.53125 0.034375 0.04609375
3 0.5546875 0.49140625 0.028125 0.02890625
3 0.57734375 0.46640625 0.0234375 0.0375
3 0.53515625 0.33125 0.0390625 0.05
3 0.590625 0.30078125 0.028125 0.03984375
3 0.575 0.37890625 0.01875 0.04140625
3 0.4953125 0.48359375 0.046875 0.04609375