1 0.58515625 0.6453125 0.8296875 0.709375
3 0.38359375 0.671875 0.13125 0.090625
3 0.60078125 0.9109375 0.2015625 0.178125
3 0.57578125 0.69609375 0.1 0.078125
3 0.47890625 0.44765625 0.1125 0.065625
3 0.76796875 0.44453125 0.15 0.071875
3 0.97265625 0.665625 0.046875 0.1
3 0.81015625 0.6265625 0.096875 0.065625
3 0.9265625 0.7921875 0.09375 0.0703125
3 0.7609375 0.696875 0.103125 0.0953125
3 0.5578125 0.628125 0.0890625 0.0671875
3 0.71640625 0.5671875 0.1046875 0.0625
3 0.965625 0.45234375 0.06875 0.0703125
3 0.84609375 0.496875 0.1734375 0.0765625
3 0.70546875 0.5 0.0859375 0.053125