1 0.1796875 0.596875 0.359375 0.74375
3 0.41875 0.55 0.115625 0.1421875
3 0.0296875 0.3765625 0.0515625 0.1328125
3 0.06171875 0.80703125 0.1234375 0.2015625
3 0.175 0.57578125 0.1546875 0.140625
3 0.03828125 0.490625 0.0765625 0.134375
3 0.25703125 0.4625 0.078125 0.0921875
3 0.146875 0.68671875 0.0625 0.06875
3 0.01953125 0.690625 0.0390625 0.090625
3 0.06015625 0.63046875 0.0640625 0.053125
3 0.05234375 0.58125 0.1046875 0.11875
3 0.07578125 0.4234375 0.0859375 0.0828125
3 0.10859375 0.49609375 0.103125 0.0984375