1 0.2546875 0.55078125 0.509375 0.8984375
3 0.21875 0.64375 0.11875 0.1578125
3 0.45 0.62421875 0.0875 0.13125
3 0.29140625 0.53359375 0.0625 0.06875
3 0.06796875 0.559375 0.096875 0.1140625
3 0.0828125 0.64921875 0.1046875 0.090625
3 0.08125 0.88203125 0.153125 0.18125
3 0.190625 0.76953125 0.053125 0.071875
3 0.15078125 0.7375 0.065625 0.0703125
3 0.0984375 0.70859375 0.046875 0.04375
3 0.03671875 0.778125 0.0734375 0.08125
3 0.2953125 0.6046875 0.046875 0.0765625
3 0.3359375 0.61875 0.021875 0.0453125
3 0.1140625 0.4921875 0.0734375 0.0765625
3 0.14453125 0.5640625 0.0734375 0.0859375
3 0.25546875 0.5109375 0.028125 0.0515625