1 0.53359375 0.47265625 0.8203125 0.69140625
3 0.653125 0.58984375 0.165625 0.17890625
3 0.8265625 0.6625 0.159375 0.17890625
3 0.17421875 0.76484375 0.1078125 0.10859375
3 0.18203125 0.61015625 0.0609375 0.10390625
3 0.265625 0.615625 0.078125 0.07734375
3 0.3296875 0.59140625 0.075 0.08359375
3 0.3984375 0.75625 0.0625 0.04609375
3 0.3890625 0.73671875 0.078125 0.10234375
3 0.55078125 0.71796875 0.0703125 0.09375
3 0.52890625 0.79765625 0.0703125 0.05859375
3 0.6203125 0.79296875 0.096875 0.08125
3 0.6703125 0.74453125 0.071875 0.08984375
3 0.7234375 0.69609375 0.065625 0.0625
3 0.96640625 0.6875 0.0609375 0.075
3 0.8703125 0.73671875 0.05625 0.05625
3 0.52578125 0.62578125 0.1046875 0.11484375
3 0.509375 0.56484375 0.059375 0.06640625
3 0.534375 0.653125 0.0625 0.05234375
3 0.67421875 0.42890625 0.1140625 0.16640625
3 0.72421875 0.540625 0.0578125 0.08984375
3 0.71875 0.48671875 0.090625 0.09765625
3 0.846875 0.53515625 0.075 0.07109375
3 0.8328125 0.2875 0.08125 0.1
3 0.9109375 0.58359375 0.090625 0.11640625
3 0.1546875 0.83984375 0.040625 0.05390625