1 0.34609375 0.46015625 0.5125 0.675
3 0.2703125 0.50390625 0.0828125 0.1046875
3 0.309375 0.4484375 0.059375 0.0578125
3 0.33828125 0.4171875 0.046875 0.05
3 0.365625 0.38359375 0.040625 0.05
3 0.359375 0.515625 0.0328125 0.0609375
3 0.39296875 0.540625 0.06875 0.0859375
3 0.40625 0.48828125 0.046875 0.059375
3 0.51015625 0.4796875 0.0703125 0.0921875
3 0.33203125 0.5640625 0.0453125 0.059375
3 0.35234375 0.34609375 0.0234375 0.0296875
3 0.39609375 0.39765625 0.03125 0.046875
3 0.2515625 0.43984375 0.034375 0.0328125
3 0.30625 0.296875 0.0328125 0.046875
3 0.4 0.290625 0.0359375 0.0578125
3 0.36015625 0.309375 0.0453125 0.0390625
3 0.484375 0.48984375 0.0171875 0.028125
3 0.5140625 0.47578125 0.05 0.075