1 0.35 0.49765625 0.54375 0.678125
3 0.27890625 0.5484375 0.0875 0.103125
3 0.31015625 0.490625 0.0625 0.059375
3 0.33359375 0.4578125 0.05 0.0515625
3 0.35703125 0.4171875 0.04375 0.05
3 0.3734375 0.553125 0.034375 0.059375
3 0.4109375 0.575 0.0734375 0.0875
3 0.415625 0.52109375 0.0484375 0.0578125
3 0.52109375 0.50078125 0.0765625 0.09375
3 0.3546875 0.60703125 0.0484375 0.0578125
3 0.33515625 0.38203125 0.025 0.03125
3 0.390625 0.43046875 0.034375 0.046875
3 0.24765625 0.48671875 0.034375 0.0328125
3 0.28046875 0.334375 0.0359375 0.0484375
3 0.37578125 0.31953125 0.0390625 0.0609375
3 0.33671875 0.3421875 0.0453125 0.0375
3 0.496875 0.51328125 0.01875 0.028125
3 0.52734375 0.496875 0.053125 0.0765625