1 0.48984375 0.4109375 0.2609375 0.428125
3 0.4359375 0.5453125 0.0453125 0.0578125
3 0.47578125 0.7203125 0.040625 0.046875
3 0.4796875 0.53046875 0.040625 0.0421875
3 0.4796875 0.38828125 0.0671875 0.0796875
3 0.50703125 0.43515625 0.0625 0.0796875
3 0.54921875 0.54921875 0.0421875 0.053125
3 0.5375 0.50703125 0.0328125 0.034375
3 0.55859375 0.478125 0.0296875 0.04375
3 0.50234375 0.3375 0.046875 0.0578125
3 0.55859375 0.29921875 0.034375 0.0453125
3 0.5484375 0.384375 0.025 0.046875
3 0.47421875 0.50234375 0.0578125 0.0546875