1 0.5203125 0.46328125 0.959375 0.8703125
3 0.66875 0.5515625 0.2046875 0.2140625
3 0.85703125 0.584375 0.1984375 0.2125
3 0.23671875 0.83359375 0.13125 0.13125
3 0.209375 0.6796875 0.084375 0.1171875
3 0.29296875 0.665625 0.09375 0.09375
3 0.35078125 0.62734375 0.0921875 0.1
3 0.45546875 0.77421875 0.071875 0.059375
3 0.4421875 0.75703125 0.1 0.11875
3 0.59765625 0.70078125 0.090625 0.109375
3 0.59375 0.78515625 0.0828125 0.0734375
3 0.68359375 0.76015625 0.1140625 0.1015625
3 0.721875 0.7015625 0.090625 0.1046875
3 0.76328125 0.640625 0.0796875 0.0765625
3 0.98046875 0.57578125 0.0390625 0.0890625
3 0.9171875 0.64765625 0.06875 0.06875
3 0.5515625 0.6171875 0.1296875 0.1375
3 0.521875 0.56015625 0.0734375 0.0796875
3 0.5671875 0.64140625 0.0734375 0.065625
3 0.65390625 0.38828125 0.15 0.190625
3 0.72890625 0.4875 0.078125 0.1015625
3 0.7109375 0.43515625 0.1109375 0.1171875
3 0.8484375 0.45390625 0.090625 0.0875
3 0.77734375 0.21328125 0.103125 0.1171875
3 0.92265625 0.48671875 0.115625 0.1359375
3 0.234375 0.91171875 0.053125 0.0625