1 0.5453125 0.59765625 0.909375 0.4515625
2 0.4359375 0.6015625 0.175 0.1203125
2 0.24296875 0.58046875 0.153125 0.1625
2 0.1421875 0.60546875 0.075 0.109375
2 0.2640625 0.71640625 0.1546875 0.13125
2 0.64765625 0.60078125 0.20625 0.165625
2 0.45234375 0.73671875 0.0875 0.0875
2 0.77109375 0.72265625 0.0515625 0.075
2 0.9140625 0.63828125 0.09375 0.1140625
2 0.7859375 0.5546875 0.09375 0.0703125
2 0.78984375 0.51171875 0.1171875 0.1171875
2 0.90546875 0.55 0.1078125 0.1015625
2 0.534375 0.6953125 0.071875 0.0625
2 0.36875 0.67734375 0.078125 0.103125
2 0.43515625 0.66875 0.0515625 0.0625