1 0.5 0.625 1 0.68515625
3 0.37265625 0.65703125 0.1296875 0.0890625
3 0.57265625 0.8796875 0.1703125 0.15625
3 0.54140625 0.67734375 0.09765625 0.07421875
3 0.44375 0.44765625 0.09765625 0.059375
3 0.94453125 0.6359375 0.1109375 0.0875
3 0.86015625 0.75234375 0.08984375 0.059375
3 0.70625 0.43828125 0.12734375 0.06953125
3 0.52109375 0.60703125 0.07734375 0.04375
3 0.6515625 0.55 0.07734375 0.0453125
3 0.7078125 0.671875 0.08984375 0.08203125
3 0.75390625 0.596875 0.0875 0.0484375
3 0.975 0.903125 0.05 0.096875
3 0.6328125 0.42734375 0.0703125 0.03203125