1 0.52578125 0.4375 0.9484375 0.875
3 0.80859375 0.71171875 0.140625 0.1390625
3 0.58359375 0.803125 0.0890625 0.065625
3 0.1390625 0.671875 0.1 0.09375
3 0.64140625 0.6078125 0.140625 0.134375
3 0.9125 0.13515625 0.01875 0.021875
3 0.93203125 0.1859375 0.021875 0.021875
3 0.51171875 0.69921875 0.0703125 0.084375
3 0.32734375 0.6515625 0.0625 0.0765625
3 0.35703125 0.68984375 0.0703125 0.09375
3 0.4984375 0.7828125 0.059375 0.046875
3 0.16640625 0.51640625 0.0546875 0.090625
3 0.2515625 0.53828125 0.06875 0.0765625
3 0.20546875 0.5671875 0.065625 0.040625
3 0.64296875 0.76484375 0.059375 0.06875
3 0.69609375 0.72421875 0.06875 0.040625
3 0.60703125 0.7078125 0.046875 0.059375
3 0.4453125 0.68984375 0.046875 0.04375
3 0.83515625 0.803125 0.053125 0.04375
3 0.9421875 0.77734375 0.053125 0.071875
3 0.684375 0.4765625 0.10625 0.128125
3 0.86015625 0.35 0.065625 0.071875
3 0.3078125 0.5328125 0.0875 0.08125