1 0.50625 0.53046875 0.859375 0.80234375
3 0.33984375 0.47421875 0.1140625 0.11484375
3 0.5546875 0.45703125 0.109375 0.11015625
3 0.25703125 0.70703125 0.0765625 0.08125
3 0.59375 0.85390625 0.2 0.14609375
3 0.56875 0.55625 0.090625 0.07890625
3 0.68671875 0.45546875 0.0984375 0.13515625
3 0.75859375 0.2875 0.0953125 0.07890625
3 0.81640625 0.76953125 0.0546875 0.05234375
3 0.4265625 0.69921875 0.084375 0.08984375
3 0.2625 0.82109375 0.115625 0.09609375
3 0.4734375 0.809375 0.071875 0.12265625
3 0.38515625 0.896875 0.0671875 0.05625
3 0.62421875 0.65390625 0.0984375 0.14140625
3 0.78125 0.65859375 0.0625 0.1
3 0.6984375 0.35625 0.078125 0.05859375
3 0.78828125 0.44765625 0.0578125 0.0625
3 0.08046875 0.70234375 0.0484375 0.05859375
3 0.0515625 0.86875 0.103125 0.10859375