1 0.2703125 0.6578125 0.540625 0.64375
3 0.43984375 0.6 0.1125 0.134375
3 0.20859375 0.65 0.1328125 0.159375
3 0.01953125 0.4890625 0.0390625 0.128125
3 0.1234375 0.89921875 0.153125 0.1640625
3 0.07734375 0.6859375 0.10625 0.09375
3 0.11796875 0.58984375 0.090625 0.103125
3 0.2609375 0.53515625 0.0875 0.0734375
3 0.171875 0.7421875 0.0875 0.0734375
3 0.2015625 0.76953125 0.06875 0.0671875
3 0.0625 0.81484375 0.05 0.0828125
3 0.259375 0.78203125 0.05625 0.059375
3 0.28359375 0.62265625 0.05 0.065625
3 0.0484375 0.6109375 0.090625 0.1296875
3 0.20859375 0.54375 0.0453125 0.0515625
3 0.28515625 0.5828125 0.040625 0.0375