1 0.240625 0.65625 0.48125 0.625
3 0.4109375 0.615625 0.1078125 0.1296875
3 0.16328125 0.64296875 0.125 0.1546875
3 0.06796875 0.89140625 0.1046875 0.1578125
3 0.03984375 0.6640625 0.06875 0.0890625
3 0.07578125 0.57109375 0.084375 0.1015625
3 0.23046875 0.52890625 0.084375 0.071875
3 0.11640625 0.7359375 0.084375 0.06875
3 0.14296875 0.76640625 0.0671875 0.0640625
3 0.203125 0.78671875 0.053125 0.0578125
3 0.24609375 0.6234375 0.0453125 0.0640625
3 0.02109375 0.584375 0.040625 0.1296875
3 0.17578125 0.53203125 0.0421875 0.05
3 0.2515625 0.58125 0.0390625 0.0359375