1 0.17578125 0.55859375 0.3515625 0.6875
3 0.4375 0.559375 0.096875 0.12734375
3 0.0515625 0.32890625 0.0875 0.125
3 0.07109375 0.74453125 0.1421875 0.18125
3 0.20703125 0.54609375 0.1359375 0.125
3 0.07265625 0.44375 0.0796875 0.125
3 0.28671875 0.45 0.0671875 0.08359375
3 0.1765625 0.64921875 0.053125 0.06015625
3 0.0359375 0.62734375 0.071875 0.08359375
3 0.09609375 0.58359375 0.0578125 0.04609375
3 0.08125 0.53515625 0.109375 0.10390625
3 0.11875 0.38671875 0.075 0.07265625
3 0.1453125 0.46171875 0.090625 0.08515625