1 0.32265625 0.48984375 0.6453125 0.9796875
3 0.1796875 0.48359375 0.1734375 0.209375
3 0.3984375 0.57578125 0.134375 0.1703125
3 0.28359375 0.41484375 0.0875 0.096875
3 0.075 0.33515625 0.128125 0.15625
3 0.0609375 0.42734375 0.121875 0.1359375
3 0.03984375 0.6484375 0.0796875 0.234375
3 0.1125 0.5890625 0.0796875 0.0953125
3 0.0859375 0.54140625 0.090625 0.1
3 0.0484375 0.4890625 0.0640625 0.065625
3 0.00859375 0.52890625 0.0171875 0.1046875
3 0.26328125 0.484375 0.075 0.0984375
3 0.2953125 0.51640625 0.0390625 0.0546875
3 0.13515625 0.29375 0.1 0.109375
3 0.1390625 0.37421875 0.1046875 0.11875
3 0.25859375 0.3765625 0.046875 0.0640625