1 0.5 0.490625 1 0.98125
3 0.83515625 0.7359375 0.1640625 0.1625
3 0.6015625 0.8546875 0.1015625 0.0796875
3 0.11171875 0.75546875 0.115625 0.1109375
3 0.6453125 0.6390625 0.1640625 0.1578125
3 0.8921875 0.10546875 0.021875 0.025
3 0.91796875 0.159375 0.025 0.025
3 0.51484375 0.75 0.084375 0.096875
3 0.31171875 0.715625 0.075 0.0890625
3 0.3484375 0.75390625 0.0859375 0.109375
3 0.50859375 0.84140625 0.06875 0.05625
3 0.1265625 0.5859375 0.0671875 0.103125
3 0.21953125 0.6015625 0.0796875 0.0890625
3 0.1734375 0.6375 0.0734375 0.0484375
3 0.66171875 0.8078125 0.071875 0.0796875
3 0.715625 0.759375 0.0765625 0.0484375
3 0.61875 0.75078125 0.05625 0.0671875
3 0.4421875 0.74609375 0.0546875 0.0515625
3 0.87265625 0.83125 0.059375 0.0515625
3 0.9765625 0.79296875 0.046875 0.0828125
3 0.6796875 0.49453125 0.1265625 0.146875
3 0.85625 0.3421875 0.0765625 0.084375
3 0.2796875 0.590625 0.1 0.09375