1 0.5 0.5 1 1
3 0.69375 0.53125 0.125 0.1390625
3 0.52578125 0.478125 0.0796875 0.0984375
3 0.49140625 0.56875 0.1234375 0.1359375
3 0.44609375 0.76953125 0.1265625 0.128125
3 0.3140625 0.45 0.0953125 0.1140625
3 0.3765625 0.53203125 0.06875 0.1
3 0.38984375 0.475 0.0671875 0.078125
3 0.42421875 0.5234375 0.0578125 0.075
3 0.48828125 0.471875 0.046875 0.053125
3 0.2984375 0.6265625 0.08125 0.0875
3 0.39453125 0.684375 0.0609375 0.0640625
3 0.48359375 0.66796875 0.0859375 0.090625
3 0.27578125 0.8703125 0.08125 0.0953125
3 0.4 0.6484375 0.034375 0.053125
3 0.4015625 0.59609375 0.078125 0.078125
3 0.434375 0.68359375 0.0359375 0.0421875
3 0.42265625 0.6296875 0.040625 0.05
3 0.54296875 0.53671875 0.05 0.08125
3 0.578125 0.55078125 0.040625 0.053125
3 0.6109375 0.48359375 0.021875 0.0296875
3 0.6375 0.47890625 0.028125 0.0328125