1 0.5 0.62734375 1 0.690625
3 0.37109375 0.66015625 0.13125 0.0890625
3 0.5734375 0.88359375 0.171875 0.1578125
3 0.54140625 0.68046875 0.0984375 0.075
3 0.44296875 0.44921875 0.0984375 0.059375
3 0.946875 0.63984375 0.10625 0.0875
3 0.86328125 0.75546875 0.090625 0.059375
3 0.70859375 0.4390625 0.128125 0.06875
3 0.52109375 0.609375 0.078125 0.04375
3 0.653125 0.5515625 0.078125 0.0453125
3 0.709375 0.67421875 0.090625 0.0828125
3 0.75625 0.59921875 0.0875 0.0484375
3 0.97734375 0.9078125 0.0453125 0.096875
3 0.63359375 0.42890625 0.071875 0.0328125