1 0.27109375 0.5125 0.5421875 0.746875
3 0.42421875 0.53125 0.1234375 0.153125
3 0.18984375 0.49453125 0.1453125 0.1796875
3 0.03515625 0.2671875 0.0703125 0.146875
3 0.06953125 0.6890625 0.125 0.1890625
3 0.05625 0.48046875 0.1125 0.1140625
3 0.11796875 0.40546875 0.096875 0.11875
3 0.26875 0.40625 0.0921875 0.090625
3 0.13359375 0.5671875 0.0921875 0.090625
3 0.15546875 0.60234375 0.0734375 0.0796875
3 0.0203125 0.58671875 0.0375 0.1
3 0.20859375 0.634375 0.0609375 0.06875
3 0.26875 0.49609375 0.053125 0.0734375
3 0.0484375 0.4 0.096875 0.15
3 0.21640625 0.39609375 0.0484375 0.059375
3 0.2796875 0.45859375 0.0421875 0.0453125