1 0.5 0.53125 1 0.9375
3 0.359375 0.503125 0.146875 0.146875
3 0.5984375 0.515625 0.1390625 0.1421875
3 0.2328125 0.74453125 0.0984375 0.1046875
3 0.58125 0.928125 0.24375 0.14375
3 0.59765625 0.62578125 0.115625 0.1078125
3 0.74296875 0.5328125 0.134375 0.1703125
3 0.85 0.359375 0.1203125 0.1078125
3 0.8359375 0.89609375 0.0703125 0.06875
3 0.41875 0.7625 0.109375 0.115625
3 0.21953125 0.87109375 0.1453125 0.1296875
3 0.453125 0.890625 0.1015625 0.146875
3 0.3453125 0.96015625 0.0796875 0.053125
3 0.64453125 0.74140625 0.1359375 0.175
3 0.815625 0.76796875 0.0875 0.1234375
3 0.77265625 0.425 0.096875 0.0796875
3 0.85625 0.5390625 0.0765625 0.08125
3 0.03984375 0.7125 0.0640625 0.075
3 0.0234375 0.87734375 0.046875 0.1078125