1 0.521875 0.4453125 0.95625 0.85625
3 0.6796875 0.559375 0.203125 0.2171875
3 0.8796875 0.6203125 0.196875 0.215625
3 0.1734375 0.8078125 0.13125 0.13125
3 0.1640625 0.6375 0.078125 0.121875
3 0.25625 0.63359375 0.0953125 0.09375
3 0.32421875 0.59921875 0.0921875 0.1
3 0.41875 0.77265625 0.075 0.0578125
3 0.40625 0.7515625 0.0984375 0.121875
3 0.58203125 0.71328125 0.0890625 0.1109375
3 0.5671875 0.803125 0.084375 0.071875
3 0.66796875 0.7875 0.115625 0.1
3 0.7171875 0.72890625 0.0890625 0.10625
3 0.76953125 0.66875 0.0796875 0.0765625
3 0.9359375 0.69609375 0.06875 0.06875
3 0.54453125 0.61484375 0.128125 0.1375
3 0.51953125 0.54921875 0.0734375 0.0796875
3 0.55703125 0.64296875 0.075 0.0640625
3 0.684375 0.38046875 0.1453125 0.196875
3 0.75234375 0.49765625 0.0734375 0.1046875
3 0.73984375 0.43828125 0.1109375 0.11875
3 0.8875 0.478125 0.090625 0.0859375
3 0.84296875 0.20703125 0.1015625 0.1203125
3 0.953125 0.5234375 0.09375 0.1375
3 0.16015625 0.8921875 0.0515625 0.0640625