1 0.49609375 0.48203125 0.9921875 0.87265625
3 0.41328125 0.41328125 0.0546875 0.06015625
3 0.5046875 0.43046875 0.0375 0.03984375
3 0.54140625 0.44296875 0.0640625 0.06875
3 0.54296875 0.49296875 0.0359375 0.06484375
3 0.34765625 0.37578125 0.0765625 0.08515625
3 0.38828125 0.45859375 0.0453125 0.07890625
3 0.43515625 0.459375 0.0390625 0.05625
3 0.57109375 0.51171875 0.0296875 0.03984375
3 0.4890625 0.51015625 0.1 0.1
3 0.61484375 0.46015625 0.0171875 0.02109375
3 0.68046875 0.51953125 0.0921875 0.11875
3 0.63828125 0.46171875 0.0203125 0.02265625
3 0.41328125 0.66953125 0.0796875 0.10625
3 0.29921875 0.528125 0.0640625 0.06875
3 0.0515625 0.76484375 0.103125 0.14140625