1 0.37734375 0.51328125 0.5171875 0.640625
3 0.30703125 0.56171875 0.084375 0.0984375
3 0.33828125 0.5046875 0.0578125 0.053125
3 0.3609375 0.4734375 0.0484375 0.0484375
3 0.384375 0.434375 0.040625 0.05
3 0.3984375 0.56640625 0.0328125 0.0578125
3 0.43515625 0.590625 0.06875 0.0828125
3 0.440625 0.5375 0.0453125 0.0546875
3 0.54296875 0.52109375 0.071875 0.0875
3 0.37890625 0.61796875 0.0453125 0.0546875
3 0.36484375 0.4015625 0.025 0.028125
3 0.4171875 0.45 0.0328125 0.0453125
3 0.27734375 0.5015625 0.0328125 0.0296875
3 0.31015625 0.3546875 0.034375 0.0484375
3 0.403125 0.34140625 0.0359375 0.05625
3 0.365625 0.3640625 0.0453125 0.0375
3 0.51953125 0.53203125 0.01875 0.0265625
3 0.54921875 0.5171875 0.05 0.0703125