1 0.24453125 0.58515625 0.4890625 0.54140625
3 0.440625 0.55625 0.090625 0.1125
3 0.2171875 0.56875 0.10625 0.13359375
3 0.03671875 0.38984375 0.0734375 0.11640625
3 0.09921875 0.7875 0.1296875 0.1375
3 0.0890625 0.58203125 0.090625 0.07734375
3 0.1421875 0.5 0.071875 0.0875
3 0.28359375 0.46953125 0.0734375 0.06015625
3 0.17109375 0.65 0.0734375 0.05859375
3 0.19296875 0.67890625 0.0578125 0.05390625
3 0.0375 0.70078125 0.075 0.07265625
3 0.24609375 0.7 0.0453125 0.05
3 0.2921875 0.55546875 0.0375 0.05625
3 0.065625 0.509375 0.084375 0.11484375
3 0.23359375 0.46953125 0.0359375 0.04375
3 0.29921875 0.51796875 0.0328125 0.03125