1 0.73671875 0.4765625 0.52578125 0.38515625
3 0.21484375 0.5234375 0.20390625 0.31640625
3 0.525 0.54375 0.08671875 0.078125
3 0.60625 0.59453125 0.1078125 0.08125
3 0.7828125 0.5953125 0.05859375 0.0734375
3 0.8375 0.609375 0.05078125 0.046875
3 0.95703125 0.63984375 0.0765625 0.05859375
3 0.72578125 0.48984375 0.1078125 0.05859375
3 0.6265625 0.52734375 0.08359375 0.05390625
3 0.690625 0.58125 0.05390625 0.05859375
3 0.7125 0.6078125 0.0328125 0.034375
3 0.74296875 0.603125 0.03125 0.05859375