1 0.5171875 0.50859375 0.925 0.9828125
3 0.690625 0.58671875 0.1109375 0.128125
3 0.5546875 0.48515625 0.0703125 0.0890625
3 0.49453125 0.55859375 0.1109375 0.125
3 0.390625 0.7265625 0.115625 0.1171875
3 0.36953125 0.39375 0.0859375 0.10625
3 0.40078125 0.48828125 0.0609375 0.09375
3 0.43125 0.440625 0.0609375 0.0734375
3 0.44609375 0.4953125 0.0515625 0.0703125
3 0.521875 0.46796875 0.0421875 0.05
3 0.29921875 0.54921875 0.0734375 0.08125
3 0.36875 0.63359375 0.053125 0.0578125
3 0.45625 0.646875 0.0796875 0.084375
3 0.20234375 0.76484375 0.0734375 0.0890625
3 0.38515625 0.6015625 0.0296875 0.05
3 0.403125 0.5546875 0.0703125 0.071875
3 0.40625 0.64453125 0.03125 0.040625
3 0.4125 0.5921875 0.0375 0.0453125
3 0.55078125 0.54453125 0.0421875 0.0765625
3 0.57890625 0.56875 0.0359375 0.0484375
3 0.6296875 0.51796875 0.0203125 0.028125
3 0.65625 0.521875 0.0234375 0.0296875