1 0.30390625 0.54609375 0.6078125 0.9078125
3 0.26328125 0.6890625 0.1453125 0.178125
3 0.49765625 0.628125 0.109375 0.146875
3 0.31796875 0.56328125 0.0734375 0.078125
3 0.09375 0.6296875 0.115625 0.13125
3 0.125 0.71953125 0.1203125 0.1078125
3 0.16484375 0.9265625 0.1828125 0.146875
3 0.25703125 0.8234375 0.065625 0.08125
3 0.2109375 0.7984375 0.078125 0.08125
3 0.15234375 0.77734375 0.0546875 0.0515625
3 0.10078125 0.86015625 0.0875 0.09375
3 0.33515625 0.6359375 0.0578125 0.084375
3 0.3796875 0.6421875 0.0296875 0.05
3 0.12890625 0.553125 0.0875 0.0890625
3 0.1734375 0.62109375 0.0890625 0.0984375
3 0.27734375 0.54609375 0.0375 0.0578125