1 0.2828125 0.5265625 0.565625 0.728125
3 0.43515625 0.56328125 0.1265625 0.1484375
3 0.209375 0.50078125 0.1484375 0.175
3 0.08125 0.25625 0.1078125 0.146875
3 0.0578125 0.6796875 0.115625 0.1875
3 0.07734375 0.46953125 0.115625 0.109375
3 0.15234375 0.4046875 0.1 0.1171875
3 0.303125 0.42265625 0.09375 0.0875
3 0.140625 0.565625 0.09375 0.0875
3 0.15390625 0.60234375 0.075 0.0765625
3 0.02109375 0.5734375 0.0421875 0.096875
3 0.20078125 0.64140625 0.0609375 0.06875
3 0.28671875 0.5109375 0.05625 0.0703125
3 0.075 0.3890625 0.1203125 0.146875
3 0.253125 0.40625 0.05 0.0578125
3 0.3046875 0.4765625 0.04375 0.04375