1 0.5 0.61171875 1 0.7765625
3 0.3828125 0.671875 0.153125 0.10625
3 0.61796875 0.9078125 0.1984375 0.1828125
3 0.57265625 0.684375 0.1125 0.0875
3 0.45078125 0.43671875 0.1125 0.0734375
3 0.97734375 0.61875 0.0453125 0.1
3 0.92890625 0.74921875 0.103125 0.0703125
3 0.740625 0.41015625 0.14375 0.084375
3 0.54375 0.6078125 0.0890625 0.053125
3 0.68515625 0.53828125 0.090625 0.053125
3 0.75625 0.66875 0.1046875 0.0953125
3 0.8015625 0.58359375 0.1 0.0609375
3 0.659375 0.40078125 0.0796875 0.040625