1 0.36015625 0.459375 0.37578125 0.5234375
3 0.28828125 0.48984375 0.0625 0.0796875
3 0.3265625 0.44453125 0.04609375 0.03984375
3 0.35390625 0.4203125 0.03828125 0.0375
3 0.38203125 0.38984375 0.0296875 0.03984375
3 0.36953125 0.51015625 0.0203125 0.05078125
3 0.39765625 0.53984375 0.05 0.0671875
3 0.41328125 0.49296875 0.034375 0.04375
3 0.5078125 0.49765625 0.053125 0.07109375
3 0.3421875 0.55390625 0.034375 0.04375
3 0.37109375 0.35625 0.01796875 0.0234375
3 0.40859375 0.409375 0.0234375 0.0375
3 0.27265625 0.4296875 0.02578125 0.0234375
3 0.33046875 0.30390625 0.02421875 0.03984375
3 0.4171875 0.31015625 0.0234375 0.0484375
3 0.37890625 0.32265625 0.03671875 0.02734375
3 0.48515625 0.503125 0.0125 0.0234375
3 0.5140625 0.49609375 0.03515625 0.05859375