1 0.5015625 0.5953125 0.9953125 0.4171875
3 0.37265625 0.56171875 0.1890625 0.1421875
3 0.171875 0.47421875 0.15625 0.1640625
3 0.06796875 0.471875 0.09375 0.1109375
3 0.16171875 0.6234375 0.1640625 0.1390625
3 0.278125 0.621875 0.0828125 0.121875
3 0.34609375 0.7171875 0.10625 0.084375
3 0.35 0.6328125 0.053125 0.0703125
3 0.58515625 0.62890625 0.2109375 0.1578125
3 0.74453125 0.62421875 0.09375 0.071875
3 0.85078125 0.671875 0.153125 0.1203125
3 0.8578125 0.76796875 0.096875 0.1359375
3 0.6890625 0.803125 0.059375 0.0671875
3 0.76171875 0.57265625 0.1359375 0.1265625
3 0.44140625 0.6953125 0.0796875 0.0640625
3 0.5984375 0.7203125 0.0734375 0.078125