1 0.246875 0.63984375 0.49375 0.6296875
3 0.4078125 0.59140625 0.109375 0.13125
3 0.16875 0.6296875 0.1296875 0.15625
3 0.08671875 0.8765625 0.115625 0.1578125
3 0.04765625 0.6578125 0.075 0.090625
3 0.08046875 0.56484375 0.0875 0.1015625
3 0.22890625 0.515625 0.0859375 0.0734375
3 0.128125 0.72265625 0.0859375 0.071875
3 0.15546875 0.7515625 0.06875 0.0640625
3 0.21484375 0.76796875 0.0546875 0.059375
3 0.24765625 0.60625 0.046875 0.065625
3 0.025 0.5796875 0.05 0.128125
3 0.17578125 0.521875 0.04375 0.0515625
3 0.2515625 0.565625 0.0390625 0.0375