1 0.18125 0.525 0.3625 0.796875
3 0.4234375 0.5484375 0.1203125 0.1515625
3 0.0421875 0.25625 0.0578125 0.14375
3 0.04296875 0.72109375 0.0859375 0.2109375
3 0.16796875 0.5109375 0.1640625 0.153125
3 0.040625 0.38359375 0.0765625 0.14375
3 0.26640625 0.4109375 0.0828125 0.1
3 0.12421875 0.6234375 0.065625 0.0734375
3 0.00625 0.58671875 0.0125 0.0953125
3 0.040625 0.5421875 0.06875 0.05625
3 0.046875 0.4875 0.09375 0.125
3 0.0859375 0.32421875 0.090625 0.0890625
3 0.1078125 0.4109375 0.109375 0.1046875