1 0.5 0.5 1 1
3 0.8359375 0.771875 0.1765625 0.184375
3 0.60234375 0.85 0.103125 0.0890625
3 0.134375 0.68828125 0.1203125 0.1234375
3 0.65859375 0.65234375 0.1765625 0.1796875
3 0.93828125 0.17890625 0.025 0.0265625
3 0.95859375 0.23515625 0.0296875 0.03125
3 0.525 0.73828125 0.0890625 0.10625
3 0.33125 0.67890625 0.0796875 0.0921875
3 0.36328125 0.72109375 0.09375 0.11875
3 0.5125 0.82578125 0.075 0.06875
3 0.159375 0.53046875 0.0765625 0.10625
3 0.25 0.55625 0.0875 0.0984375
3 0.2015625 0.584375 0.075 0.0578125
3 0.6625 0.8140625 0.0765625 0.0859375
3 0.71796875 0.7765625 0.078125 0.0578125
3 0.625 0.75390625 0.059375 0.071875
3 0.4546875 0.725 0.05625 0.0578125
3 0.865625 0.865625 0.0625 0.0609375
3 0.9703125 0.8453125 0.059375 0.090625
3 0.703125 0.51875 0.1390625 0.1578125
3 0.88359375 0.40078125 0.084375 0.09375
3 0.30703125 0.5546875 0.10625 0.109375