1 0.5 0.4890625 1 0.978125
3 0.40078125 0.42265625 0.0609375 0.0671875
3 0.49453125 0.42734375 0.0421875 0.04375
3 0.53203125 0.43515625 0.0734375 0.0765625
3 0.53984375 0.4859375 0.04375 0.06875
3 0.33125 0.3921875 0.0875 0.0953125
3 0.38125 0.4703125 0.0546875 0.084375
3 0.428125 0.465625 0.0453125 0.0609375
3 0.57109375 0.50078125 0.034375 0.04375
3 0.48828125 0.51015625 0.1125 0.1125
3 0.6078125 0.44453125 0.0203125 0.0234375
3 0.68046875 0.49609375 0.10625 0.1296875
3 0.63125 0.44296875 0.0234375 0.025
3 0.43203125 0.678125 0.0921875 0.115625
3 0.30078125 0.5515625 0.0734375 0.0765625
3 0.084375 0.8171875 0.115625 0.1546875