1 0.18046875 0.5671875 0.3609375 0.678125
3 0.4328125 0.5609375 0.103125 0.1265625
3 0.05703125 0.33984375 0.09375 0.125
3 0.065625 0.75390625 0.13125 0.1765625
3 0.20234375 0.553125 0.140625 0.1203125
3 0.071875 0.453125 0.0859375 0.1234375
3 0.2875 0.45546875 0.0703125 0.0828125
3 0.1671875 0.6546875 0.05625 0.059375
3 0.0328125 0.63671875 0.065625 0.0796875
3 0.090625 0.59140625 0.059375 0.0453125
3 0.0765625 0.54375 0.1125 0.1015625
3 0.12109375 0.39609375 0.078125 0.071875
3 0.14609375 0.4703125 0.09375 0.084375