3 0.22734375 0.51171875 0.1546875 0.184375
1 0.82578125 0.66640625 0.3484375 0.4921875
3 0.20625 0.66015625 0.1765625 0.1546875
3 0.4125 0.59453125 0.203125 0.146875
3 0.6140625 0.66796875 0.2203125 0.19375
3 0.37734375 0.73984375 0.1203125 0.109375
3 0.8671875 0.7875 0.1015625 0.1390625
3 0.76875 0.64453125 0.103125 0.103125
3 0.7015625 0.8234375 0.071875 0.09375
3 0.61875 0.7421875 0.0640625 0.0796875
3 0.5359375 0.74921875 0.0546875 0.05625
3 0.471875 0.725 0.0796875 0.075
3 0.3109375 0.646875 0.1046875 0.1234375
3 0.384375 0.6671875 0.078125 0.1
3 0.98046875 0.52578125 0.0390625 0.0953125
3 0.8 0.7609375 0.0984375 0.103125
3 0.125 0.50546875 0.0859375 0.1171875