1 0.5 0.5 1 1
3 0.3609375 0.478125 0.1734375 0.1859375
3 0.59921875 0.48203125 0.165625 0.178125
3 0.27890625 0.7234375 0.1171875 0.1296875
3 0.65234375 0.890625 0.26875 0.2171875
3 0.61953125 0.590625 0.1328125 0.1375
3 0.74609375 0.4921875 0.1640625 0.2015625
3 0.81875 0.31875 0.1390625 0.1390625
3 0.9015625 0.846875 0.08125 0.0859375
3 0.465625 0.73046875 0.13125 0.1453125
3 0.28984375 0.84609375 0.1671875 0.1671875
3 0.52265625 0.85625 0.128125 0.1703125
3 0.4296875 0.93984375 0.096875 0.096875
3 0.68515625 0.7015625 0.1671875 0.2078125
3 0.859375 0.7203125 0.109375 0.14375
3 0.75390625 0.3859375 0.1109375 0.10625
3 0.85703125 0.49453125 0.090625 0.1
3 0.08203125 0.6984375 0.078125 0.0890625
3 0.09375 0.8671875 0.0828125 0.15625