1 0.184375 0.6421875 0.36875 0.6625
3 0.4484375 0.57265625 0.1 0.121875
3 0.0375 0.44453125 0.075 0.1203125
3 0.11875 0.8484375 0.15625 0.16875
3 0.221875 0.61953125 0.1359375 0.1140625
3 0.07265625 0.5515625 0.08125 0.1203125
3 0.2828125 0.50234375 0.065625 0.0796875
3 0.2109375 0.72421875 0.05625 0.0578125
3 0.06171875 0.74296875 0.090625 0.078125
3 0.1203125 0.6796875 0.05625 0.040625
3 0.09765625 0.6375 0.109375 0.096875
3 0.10703125 0.484375 0.0765625 0.0703125
3 0.14765625 0.54921875 0.090625 0.078125