1 0.4125 0.38984375 0.825 0.77890625
3 0.66328125 0.47265625 0.2234375 0.32890625
3 0.2296875 0.3375 0.14375 0.22890625
3 0.54921875 0.26796875 0.2734375 0.38984375
3 0.3109375 0.290625 0.134375 0.20234375
3 0.48359375 0.53515625 0.1234375 0.18359375
3 0.53515625 0.49140625 0.1234375 0.14609375
3 0.084375 0.353125 0.165625 0.21875
3 0.08671875 0.171875 0.1046875 0.18515625
3 0.1203125 0.01953125 0.109375 0.0390625
3 0.26796875 0.07734375 0.1515625 0.15390625
3 0.365625 0.50234375 0.084375 0.1125
3 0.35 0.38203125 0.078125 0.14765625