1 0.2890625 0.5 0.578125 1
3 0.16640625 0.5828125 0.159375 0.203125
3 0.40625 0.6109375 0.1234375 0.1640625
3 0.24765625 0.48515625 0.08125 0.0921875
3 0.03984375 0.46484375 0.0796875 0.1484375
3 0.04453125 0.55859375 0.0890625 0.1265625
3 0.06015625 0.79140625 0.0921875 0.2296875
3 0.12890625 0.7046875 0.071875 0.0921875
3 0.0890625 0.665625 0.084375 0.0953125
3 0.03828125 0.625 0.059375 0.0625
3 0.246875 0.55859375 0.0671875 0.096875
3 0.28828125 0.58203125 0.034375 0.053125
3 0.06796875 0.40859375 0.09375 0.1046875
3 0.09453125 0.4859375 0.096875 0.1140625
3 0.21328125 0.4546875 0.0421875 0.0625