1 0.27734375 0.45859375 0.5546875 0.7828125
3 0.40390625 0.515625 0.134375 0.1609375
3 0.1828125 0.42265625 0.1578125 0.190625
3 0.08203125 0.16015625 0.090625 0.153125
3 0.04296875 0.58671875 0.0859375 0.1953125
3 0.0609375 0.3765625 0.109375 0.11875
3 0.13515625 0.31875 0.10625 0.125
3 0.28203125 0.35625 0.0984375 0.0953125
3 0.1109375 0.48125 0.0984375 0.0953125
3 0.1234375 0.5203125 0.078125 0.084375
3 0.1671875 0.56484375 0.065625 0.075
3 0.26015625 0.44375 0.0578125 0.0765625
3 0.06875 0.29453125 0.10625 0.1546875
3 0.2328125 0.3328125 0.053125 0.0640625
3 0.2796875 0.4109375 0.0453125 0.0484375