1 0.45546875 0.46875 0.9109375 0.9375
3 0.66171875 0.4546875 0.3203125 0.403125
3 0.171875 0.4265625 0.2109375 0.278125
3 0.48828125 0.26953125 0.3890625 0.4796875
3 0.2453125 0.35546875 0.19375 0.246875
3 0.48984375 0.56796875 0.178125 0.225
3 0.5328125 0.5078125 0.1671875 0.1859375
3 0.06875 0.47421875 0.1375 0.2609375
3 0.02890625 0.2890625 0.0578125 0.21875
3 0.0171875 0.12890625 0.034375 0.0546875
3 0.1453125 0.15078125 0.1953125 0.1859375
3 0.35703125 0.5640625 0.11875 0.140625
3 0.31015625 0.4421875 0.1203125 0.1765625