1 0.59140625 0.6046875 0.8171875 0.790625
3 0.3390625 0.64765625 0.134375 0.1203125
3 0.51953125 0.88515625 0.2125 0.2
3 0.5171875 0.6796875 0.1078125 0.103125
3 0.45390625 0.4375 0.1140625 0.0796875
3 0.725 0.46328125 0.1515625 0.10625
3 0.68984375 0.690625 0.1203125 0.1
3 0.890625 0.678125 0.1875 0.165625
3 0.9171875 0.47109375 0.0796875 0.0875
3 0.83203125 0.7796875 0.1 0.075
3 0.65546875 0.5625 0.115625 0.0875
3 0.290625 0.79609375 0.0796875 0.0765625
3 0.50078125 0.603125 0.0859375 0.0703125
3 0.63828125 0.434375 0.08125 0.059375