1 0.47265625 0.74375 0.7359375 0.4515625
3 0.2484375 0.8390625 0.1109375 0.0828125
3 0.44921875 0.7171875 0.084375 0.1171875
3 0.41640625 0.88125 0.0828125 0.0921875
3 0.5421875 0.83359375 0.0640625 0.08125
3 0.78046875 0.88984375 0.0859375 0.08125
3 0.315625 0.79765625 0.0609375 0.0734375
3 0.07421875 0.78984375 0.071875 0.0640625
3 0.15859375 0.77578125 0.059375 0.078125
3 0.64453125 0.7484375 0.0578125 0.078125
3 0.6390625 0.69609375 0.0578125 0.0671875
3 0.59296875 0.88828125 0.0421875 0.0390625