1 0.515625 0.53828125 0.96875 0.9234375
3 0.340625 0.47578125 0.1296875 0.13125
3 0.57265625 0.4640625 0.121875 0.1265625
3 0.24375 0.7203125 0.0859375 0.09375
3 0.596875 0.8875 0.2234375 0.171875
3 0.5828125 0.56875 0.103125 0.09375
3 0.7125 0.465625 0.1140625 0.1546875
3 0.796875 0.2890625 0.1078125 0.09375
3 0.83671875 0.8046875 0.0609375 0.0609375
3 0.42421875 0.71796875 0.096875 0.1015625
3 0.24453125 0.8421875 0.1296875 0.1140625
3 0.46953125 0.83828125 0.084375 0.1359375
3 0.3734375 0.92734375 0.075 0.065625
3 0.63828125 0.67578125 0.1171875 0.159375
3 0.8046875 0.684375 0.0734375 0.1125
3 0.7296875 0.359375 0.0875 0.06875
3 0.8203125 0.459375 0.0671875 0.071875
3 0.05546875 0.709375 0.0546875 0.0671875
3 0.0375 0.88828125 0.075 0.1234375