1 0.5 0.478125 1 0.95625
3 0.83671875 0.76484375 0.175 0.1734375
3 0.5796875 0.8265625 0.1046875 0.0828125
3 0.11875 0.6171875 0.1203125 0.115625
3 0.67109375 0.62421875 0.1734375 0.16875
3 0.51796875 0.70390625 0.0875 0.103125
3 0.32578125 0.6234375 0.078125 0.090625
3 0.35234375 0.671875 0.0921875 0.1140625
3 0.490625 0.79453125 0.075 0.0625
3 0.1703125 0.4546875 0.0734375 0.1015625
3 0.26015625 0.490625 0.0859375 0.0953125
3 0.20703125 0.51484375 0.075 0.05
3 0.6484375 0.79453125 0.0734375 0.0828125
3 0.71328125 0.75859375 0.078125 0.0515625
3 0.61953125 0.728125 0.0578125 0.06875
3 0.44765625 0.6828125 0.05625 0.0546875
3 0.8515625 0.8640625 0.0609375 0.05625
3 0.9484375 0.84921875 0.025 0.0828125
3 0.73828125 0.48984375 0.1359375 0.1515625
3 0.9453125 0.3828125 0.0828125 0.0875
3 0.3203125 0.49375 0.1046875 0.1