1 0.246875 0.56796875 0.49375 0.5984375
3 0.425 0.5515625 0.1015625 0.125
3 0.1921875 0.54921875 0.1203125 0.146875
3 0.0328125 0.35 0.0546875 0.125
3 0.0625 0.76796875 0.125 0.1515625
3 0.05859375 0.55390625 0.0984375 0.0859375
3 0.11796875 0.471875 0.08125 0.0953125
3 0.26796875 0.45078125 0.08125 0.0671875
3 0.13671875 0.6296875 0.08125 0.0671875
3 0.15859375 0.6625 0.0625 0.0609375
3 0.01875 0.67421875 0.0375 0.0796875
3 0.2109375 0.68671875 0.0515625 0.05625
3 0.26953125 0.540625 0.04375 0.0609375
3 0.04375 0.47578125 0.0875 0.1234375
3 0.215625 0.446875 0.040625 0.0484375
3 0.28046875 0.5015625 0.0375 0.034375