1 0.31640625 0.50234375 0.6328125 0.9953125
3 0.1703125 0.665625 0.1796875 0.2171875
3 0.4125 0.6109375 0.1375 0.1765625
3 0.24609375 0.5421875 0.0890625 0.0984375
3 0.040625 0.60390625 0.08125 0.1609375
3 0.04921875 0.69140625 0.0984375 0.1421875
3 0.06953125 0.865625 0.1390625 0.1375
3 0.1421875 0.79765625 0.08125 0.1
3 0.1 0.771875 0.09375 0.1046875
3 0.04453125 0.75 0.065625 0.06875
3 0.01640625 0.83046875 0.0328125 0.1203125
3 0.25 0.615625 0.0765625 0.1015625
3 0.29296875 0.62265625 0.0390625 0.0578125
3 0.05859375 0.52734375 0.103125 0.1125
3 0.09140625 0.5953125 0.1078125 0.1234375
3 0.20625 0.52578125 0.046875 0.065625