1 0.61796875 0.546875 0.7640625 0.609375
1 0.265625 0.69921875 0.209375 0.196875
3 0.33984375 0.8046875 0.1703125 0.1734375
3 0.4703125 0.62265625 0.18125 0.134375
3 0.67109375 0.565625 0.2046875 0.184375
3 0.52734375 0.775 0.1015625 0.0984375
3 0.93828125 0.50703125 0.09375 0.121875
3 0.7890625 0.41171875 0.1421875 0.1
3 0.82109375 0.328125 0.1078125 0.0984375
3 0.940625 0.3015625 0.0765625 0.0984375
3 0.59296875 0.69296875 0.08125 0.0765625
3 0.425 0.73046875 0.0984375 0.10625
3 0.4984375 0.7046875 0.06875 0.071875
3 0.82265625 0.6375 0.059375 0.08125
3 0.871875 0.52578125 0.071875 0.0828125