1 0.5078125 0.52890625 0.978125 0.934375
3 0.34765625 0.44921875 0.1328125 0.13125
3 0.5671875 0.4609375 0.1265625 0.1234375
3 0.23125 0.67421875 0.0890625 0.09375
3 0.54921875 0.86953125 0.2203125 0.1765625
3 0.5671875 0.56484375 0.1046875 0.0921875
3 0.7 0.478125 0.11875 0.1546875
3 0.79609375 0.31796875 0.109375 0.096875
3 0.78515625 0.81484375 0.0625 0.0625
3 0.40390625 0.6875 0.0984375 0.103125
3 0.22109375 0.78671875 0.1296875 0.1140625
3 0.4328125 0.8078125 0.0890625 0.1328125
3 0.33359375 0.88203125 0.075 0.0671875
3 0.60859375 0.66953125 0.1203125 0.159375
3 0.76640625 0.69609375 0.0765625 0.109375
3 0.72578125 0.37890625 0.0875 0.071875
3 0.80390625 0.48359375 0.06875 0.0734375
3 0.05546875 0.6421875 0.0578125 0.0671875
3 0.03046875 0.8046875 0.0609375 0.121875