1 0.53046875 0.4515625 0.9390625 0.903125
3 0.6890625 0.6203125 0.1734375 0.171875
3 0.86328125 0.75234375 0.165625 0.171875
3 0.1375 0.65859375 0.1125 0.1
3 0.17734375 0.49453125 0.0609375 0.109375
3 0.26640625 0.52421875 0.08125 0.0734375
3 0.33984375 0.5203125 0.078125 0.0796875
3 0.38125 0.7203125 0.065625 0.040625
3 0.37578125 0.69765625 0.0796875 0.1
3 0.55390625 0.7265625 0.0703125 0.09375
3 0.51484375 0.80625 0.078125 0.0515625
3 0.6140625 0.82890625 0.103125 0.071875
3 0.678125 0.79140625 0.0734375 0.0875
3 0.74453125 0.75859375 0.0703125 0.059375
3 0.89375 0.84765625 0.0578125 0.053125
3 0.54609375 0.61796875 0.109375 0.1109375
3 0.5390625 0.54765625 0.0625 0.065625
3 0.5484375 0.65 0.065625 0.046875
3 0.7453125 0.45234375 0.1140625 0.1671875
3 0.77734375 0.5890625 0.05625 0.090625
3 0.78203125 0.52890625 0.0953125 0.0921875
3 0.9109375 0.62265625 0.0796875 0.0671875
3 0.9453125 0.3484375 0.0828125 0.0984375
3 0.9578125 0.6921875 0.071875 0.1125
3 0.1015625 0.734375 0.0421875 0.053125