1 0.55390625 0.61015625 0.8828125 0.3125
3 0.2171875 0.54140625 0.18125 0.14609375
3 0.43359375 0.590625 0.1671875 0.11015625
3 0.63203125 0.625 0.1890625 0.12109375
3 0.25 0.67421875 0.140625 0.11484375
3 0.42890625 0.734375 0.0890625 0.07734375
3 0.890625 0.71015625 0.065625 0.10390625
3 0.94609375 0.61015625 0.0546875 0.07890625
3 0.94375 0.6125 0.05625 0.07890625
3 0.88515625 0.61015625 0.0671875 0.075
3 0.79140625 0.65078125 0.0703125 0.06875
3 0.7890625 0.58203125 0.1125 0.11015625
3 0.74140625 0.765625 0.0515625 0.07734375
3 0.35546875 0.65859375 0.0828125 0.09609375
3 0.42578125 0.665625 0.0578125 0.06015625
3 0.6515625 0.709375 0.053125 0.06484375
3 0.51015625 0.70859375 0.0703125 0.04609375