1 0.41328125 0.3734375 0.8265625 0.746875
3 0.66484375 0.44296875 0.228125 0.3171875
3 0.215625 0.35625 0.146875 0.2265625
3 0.5453125 0.246875 0.2828125 0.375
3 0.3 0.29765625 0.1390625 0.196875
3 0.4796875 0.528125 0.1265625 0.178125
3 0.5328125 0.4765625 0.1265625 0.1390625
3 0.07578125 0.38984375 0.1515625 0.2078125
3 0.0734375 0.203125 0.0953125 0.1796875
3 0.10625 0.03203125 0.096875 0.0640625
3 0.25234375 0.0796875 0.1546875 0.159375
3 0.35703125 0.50625 0.0859375 0.1078125
3 0.340625 0.38671875 0.08125 0.146875