1 0.43671875 0.390625 0.8734375 0.78125
3 0.66953125 0.4765625 0.25 0.325
3 0.24140625 0.3453125 0.1640625 0.23125
3 0.57265625 0.27265625 0.3078125 0.3859375
3 0.328125 0.296875 0.1515625 0.2015625
3 0.4796875 0.540625 0.1390625 0.1828125
3 0.53671875 0.49609375 0.134375 0.1453125
3 0.0921875 0.3625 0.1828125 0.2171875
3 0.1109375 0.18046875 0.121875 0.184375
3 0.1671875 0.0265625 0.125 0.053125
3 0.30546875 0.08125 0.1640625 0.1625
3 0.36328125 0.50703125 0.09375 0.1109375
3 0.359375 0.38828125 0.0921875 0.1484375