1 0.5 0.4671875 1 0.934375
3 0.6421875 0.59375 0.178125 0.178125
3 0.82890625 0.68203125 0.171875 0.1765625
3 0.1390625 0.73828125 0.1140625 0.1046875
3 0.14375 0.57890625 0.0671875 0.1078125
3 0.2328125 0.5890625 0.0828125 0.0765625
3 0.29921875 0.5703125 0.08125 0.0828125
3 0.37734375 0.7484375 0.065625 0.04375
3 0.3671875 0.72734375 0.084375 0.1015625
3 0.53828125 0.71953125 0.075 0.09375
3 0.51640625 0.8 0.0765625 0.05625
3 0.61328125 0.803125 0.103125 0.0765625
3 0.66484375 0.75546875 0.0765625 0.0875
3 0.7203125 0.71171875 0.071875 0.0625
3 0.971875 0.71953125 0.05625 0.0734375
3 0.87578125 0.76484375 0.059375 0.05625
3 0.50859375 0.6203125 0.1125 0.115625
3 0.4890625 0.55625 0.0640625 0.0671875
3 0.51796875 0.64921875 0.0671875 0.05
3 0.66015625 0.428125 0.1234375 0.1671875
3 0.71640625 0.54765625 0.0609375 0.090625
3 0.709375 0.49140625 0.096875 0.0953125
3 0.846875 0.55234375 0.0796875 0.0703125
3 0.82421875 0.2921875 0.0859375 0.1
3 0.91484375 0.60703125 0.0984375 0.115625
3 0.12109375 0.815625 0.0453125 0.053125