1 0.54375 0.4125 0.2515625 0.425
3 0.46640625 0.5375 0.0453125 0.0578125
3 0.47421875 0.71640625 0.040625 0.0453125
3 0.51328125 0.52890625 0.040625 0.0390625
3 0.5390625 0.38984375 0.065625 0.078125
3 0.55703125 0.43828125 0.0625 0.0796875
3 0.5796875 0.559375 0.0421875 0.053125
3 0.57578125 0.515625 0.0328125 0.034375
3 0.60234375 0.490625 0.0296875 0.0421875
3 0.56953125 0.340625 0.046875 0.0578125
3 0.63203125 0.31328125 0.034375 0.0453125
3 0.6078125 0.39609375 0.0234375 0.046875
3 0.51171875 0.50078125 0.0546875 0.0546875