1 0.4953125 0.5 0.946875 1
3 0.6734375 0.578125 0.115625 0.1390625
3 0.53515625 0.4625 0.071875 0.0953125
3 0.47265625 0.53125 0.1140625 0.1359375
3 0.36796875 0.69453125 0.1171875 0.128125
3 0.3453125 0.35234375 0.0875 0.115625
3 0.378125 0.45 0.0625 0.1
3 0.40859375 0.4046875 0.0625 0.078125
3 0.42421875 0.4609375 0.0515625 0.0765625
3 0.50078125 0.440625 0.04375 0.053125
3 0.27578125 0.50625 0.0734375 0.0875
3 0.34609375 0.59921875 0.05625 0.0625
3 0.43515625 0.61953125 0.08125 0.0921875
3 0.17578125 0.7203125 0.075 0.0953125
3 0.36328125 0.565625 0.0296875 0.053125
3 0.3796875 0.52109375 0.071875 0.078125
3 0.3828125 0.6125 0.03125 0.04375
3 0.390625 0.559375 0.0375 0.0515625
3 0.53203125 0.52265625 0.0421875 0.0796875
3 0.56015625 0.5484375 0.0375 0.0515625
3 0.6125 0.5015625 0.0203125 0.0296875
3 0.6375 0.50703125 0.025 0.03125