1 0.17578125 0.61875 0.3515625 0.70625
3 0.4578125 0.5828125 0.1046875 0.1296875
3 0.0375 0.3828125 0.0703125 0.128125
3 0.07109375 0.8296875 0.1421875 0.178125
3 0.20703125 0.59921875 0.1453125 0.1203125
3 0.05546875 0.50390625 0.084375 0.128125
3 0.28984375 0.48359375 0.06875 0.084375
3 0.178125 0.71015625 0.059375 0.0609375
3 0.03125 0.70703125 0.0625 0.0796875
3 0.0875 0.64921875 0.0609375 0.0421875
3 0.0703125 0.59921875 0.1171875 0.103125
3 0.10390625 0.4359375 0.08125 0.0734375
3 0.1375 0.5125 0.096875 0.0828125