1 0.62421875 0.553125 0.7515625 0.6
1 0.2703125 0.69921875 0.2078125 0.1953125
3 0.34296875 0.80546875 0.16875 0.171875
3 0.478125 0.625 0.18125 0.1328125
3 0.68125 0.571875 0.2046875 0.18125
3 0.53203125 0.77890625 0.1 0.0984375
3 0.95078125 0.5171875 0.09375 0.121875
3 0.803125 0.41875 0.1421875 0.0984375
3 0.8359375 0.3359375 0.1078125 0.096875
3 0.9515625 0.3125 0.0625 0.0953125
3 0.6 0.6984375 0.08125 0.0765625
3 0.43046875 0.73359375 0.096875 0.10625
3 0.5046875 0.7078125 0.06875 0.071875
3 0.8328125 0.646875 0.059375 0.08125
3 0.88359375 0.53515625 0.071875 0.0828125