1 0.2515625 0.54765625 0.503125 0.60859375
3 0.43671875 0.54765625 0.0984375 0.125
3 0.2140625 0.53046875 0.115625 0.14765625
3 0.04765625 0.32578125 0.0828125 0.12734375
3 0.07890625 0.73125 0.1390625 0.15390625
3 0.08515625 0.525 0.0953125 0.0875
3 0.14375 0.45078125 0.078125 0.09765625
3 0.2875 0.440625 0.078125 0.06875
3 0.1609375 0.603125 0.078125 0.06875
3 0.18046875 0.63515625 0.0609375 0.0625
3 0.03203125 0.63515625 0.0640625 0.08359375
3 0.23203125 0.66328125 0.0484375 0.05625
3 0.28828125 0.52578125 0.0421875 0.06015625
3 0.06796875 0.45 0.0921875 0.125
3 0.23828125 0.434375 0.0390625 0.04765625
3 0.29921875 0.490625 0.0359375 0.03515625