1 0.1796875 0.65078125 0.359375 0.67265625
3 0.44765625 0.575 0.0953125 0.125
3 0.03828125 0.45703125 0.0765625 0.12265625
3 0.1125 0.8625 0.153125 0.175
3 0.2203125 0.628125 0.134375 0.11875
3 0.071875 0.56484375 0.078125 0.12109375
3 0.284375 0.51171875 0.065625 0.08125
3 0.20625 0.73515625 0.053125 0.05859375
3 0.05703125 0.75625 0.0890625 0.07890625
3 0.1171875 0.69296875 0.05625 0.04375
3 0.09609375 0.65 0.1078125 0.1
3 0.10859375 0.49609375 0.0734375 0.07109375
3 0.14765625 0.56015625 0.0890625 0.08359375