1 0.37890625 0.36015625 0.7578125 0.71953125
3 0.65625 0.43203125 0.184375 0.2859375
3 0.21171875 0.409375 0.115625 0.20703125
3 0.5140625 0.259375 0.23046875 0.3375
3 0.284375 0.34140625 0.1109375 0.178125
3 0.48828125 0.53984375 0.1015625 0.16171875
3 0.5328125 0.4828125 0.1078125 0.121875
3 0.07109375 0.46171875 0.1421875 0.18671875
3 0.046875 0.28203125 0.08359375 0.1671875
3 0.0515625 0.06953125 0.09296875 0.1390625
3 0.21015625 0.1359375 0.13203125 0.14140625
3 0.36796875 0.53515625 0.071875 0.09609375
3 0.3359375 0.421875 0.06015625 0.1359375