1 0.53828125 0.3984375 0.225 0.4
3 0.46875 0.51875 0.040625 0.053125
3 0.48359375 0.68984375 0.0359375 0.0421875
3 0.51328125 0.51015625 0.0359375 0.0375
3 0.53203125 0.375 0.0609375 0.0734375
3 0.5515625 0.42265625 0.05625 0.0734375
3 0.57578125 0.53671875 0.0375 0.0484375
3 0.57109375 0.49609375 0.0296875 0.03125
3 0.5953125 0.47109375 0.025 0.040625
3 0.56015625 0.3296875 0.0421875 0.053125
3 0.61796875 0.3 0.0296875 0.0421875
3 0.59765625 0.38046875 0.0203125 0.04375
3 0.5109375 0.4828125 0.0515625 0.05