1 0.328125 0.5109375 0.65625 0.978125
3 0.20859375 0.69140625 0.175 0.215625
3 0.45078125 0.62734375 0.134375 0.175
3 0.28125 0.5640625 0.0859375 0.0984375
3 0.05703125 0.6328125 0.1140625 0.1625
3 0.06796875 0.7234375 0.1359375 0.140625
3 0.09140625 0.89140625 0.1828125 0.1234375
3 0.1859375 0.825 0.078125 0.0984375
3 0.1421875 0.80078125 0.0921875 0.103125
3 0.0859375 0.78125 0.0640625 0.06875
3 0.03828125 0.8625 0.0765625 0.11875
3 0.2875 0.63828125 0.0734375 0.1
3 0.33125 0.64296875 0.0390625 0.0578125
3 0.09140625 0.55546875 0.1015625 0.1109375
3 0.12734375 0.6234375 0.1046875 0.1234375
3 0.240625 0.5484375 0.0453125 0.065625