1 0.5 0.584375 1 0.83125
3 0.39609375 0.684375 0.1421875 0.11875
3 0.6203125 0.85859375 0.1875 0.19140625
3 0.565625 0.665625 0.10625 0.09375
3 0.43828125 0.46171875 0.1046875 0.08125
3 0.9484375 0.53203125 0.103125 0.11015625
3 0.88828125 0.665625 0.0953125 0.07734375
3 0.696875 0.390625 0.134375 0.09765625
3 0.534375 0.60078125 0.08125 0.06015625
3 0.6546875 0.51484375 0.084375 0.0625
3 0.7265625 0.621875 0.1 0.10234375
3 0.7625 0.53671875 0.09375 0.06875
3 0.62109375 0.39921875 0.0734375 0.04765625