1 0.5484375 0.61953125 0.903125 0.3484375
3 0.2109375 0.53828125 0.1890625 0.1546875
3 0.4296875 0.59609375 0.1734375 0.11875
3 0.6296875 0.63828125 0.196875 0.1296875
3 0.23984375 0.675 0.146875 0.121875
3 0.41953125 0.7421875 0.09375 0.08125
3 0.8890625 0.734375 0.0703125 0.1078125
3 0.9484375 0.634375 0.0578125 0.0828125
3 0.94609375 0.63671875 0.059375 0.0828125
3 0.88671875 0.63203125 0.0703125 0.078125
3 0.790625 0.6703125 0.0734375 0.071875
3 0.790625 0.6 0.1171875 0.1171875
3 0.73515625 0.78515625 0.0546875 0.0796875
3 0.34765625 0.66171875 0.0875 0.1
3 0.41796875 0.671875 0.0609375 0.0640625
3 0.64609375 0.725 0.05625 0.0671875
3 0.50234375 0.71796875 0.0734375 0.05