1 0.62890625 0.59296875 0.6921875 0.69375
3 0.37890625 0.66015625 0.1140625 0.09609375
3 0.59765625 0.84921875 0.1765625 0.16015625
3 0.55390625 0.65390625 0.0890625 0.08359375
3 0.4453125 0.4375 0.1 0.05859375
3 0.7078125 0.40703125 0.134375 0.07734375
3 0.7203125 0.63046875 0.103125 0.07734375
3 0.91484375 0.578125 0.1703125 0.13125
3 0.89296875 0.37578125 0.0640625 0.07265625
3 0.8734375 0.68671875 0.0875 0.05625
3 0.66171875 0.515625 0.1015625 0.06484375
3 0.3625 0.81015625 0.065625 0.0625
3 0.52265625 0.58515625 0.0734375 0.05390625
3 0.6203125 0.396875 0.071875 0.04375