1 0.56328125 0.621875 0.7671875 0.64765625
3 0.36484375 0.63984375 0.1171875 0.07890625
3 0.57109375 0.853125 0.1796875 0.16015625
3 0.54140625 0.65546875 0.0890625 0.06875
3 0.44453125 0.43203125 0.1015625 0.05625
3 0.70859375 0.41953125 0.1359375 0.06015625
3 0.9421875 0.615625 0.115625 0.08984375
3 0.9734375 0.875 0.053125 0.10859375
3 0.753125 0.584375 0.0875 0.05625
3 0.865625 0.73203125 0.084375 0.06015625
3 0.7109375 0.65 0.090625 0.08359375
3 0.52265625 0.59375 0.0796875 0.05859375
3 0.665625 0.53359375 0.09375 0.05390625
3 0.89921875 0.42109375 0.0765625 0.0625
3 0.7828125 0.465625 0.15625 0.06484375
3 0.65390625 0.47265625 0.0765625 0.04609375