1 0.5125 0.5171875 0.88125 0.965625
3 0.6890625 0.57578125 0.10625 0.1234375
3 0.54765625 0.48203125 0.065625 0.0875
3 0.490625 0.5578125 0.10625 0.1203125
3 0.3953125 0.73046875 0.1109375 0.1125
3 0.3578125 0.4 0.08125 0.103125
3 0.39375 0.49296875 0.05625 0.090625
3 0.421875 0.44296875 0.0578125 0.0703125
3 0.43984375 0.496875 0.0484375 0.06875
3 0.51328125 0.46640625 0.040625 0.0484375
3 0.29609375 0.559375 0.0703125 0.078125
3 0.36953125 0.6390625 0.0515625 0.05625
3 0.4578125 0.6484375 0.075 0.08125
3 0.21015625 0.7796875 0.0703125 0.0859375
3 0.38359375 0.60703125 0.0265625 0.0484375
3 0.39921875 0.559375 0.0671875 0.06875
3 0.40625 0.6484375 0.0296875 0.0390625
3 0.41015625 0.5953125 0.034375 0.04375
3 0.546875 0.540625 0.0390625 0.075
3 0.5765625 0.56328125 0.034375 0.046875
3 0.62421875 0.51015625 0.01875 0.0265625
3 0.65 0.5125 0.021875 0.028125