1 0.5 0.51796875 1 0.9640625
3 0.3265625 0.525 0.14375 0.1421875
3 0.540625 0.45625 0.1359375 0.134375
3 0.296875 0.78125 0.096875 0.1015625
3 0.671875 0.85 0.2328125 0.19375
3 0.578125 0.55390625 0.1125 0.1015625
3 0.6734375 0.42421875 0.13125 0.1640625
3 0.70703125 0.2375 0.1171875 0.10625
3 0.87734375 0.7109375 0.0671875 0.0671875
3 0.4671875 0.7296875 0.10625 0.1109375
3 0.3296875 0.89140625 0.1390625 0.125
3 0.53828125 0.83359375 0.1 0.1390625
3 0.47109375 0.93984375 0.08125 0.0734375
3 0.65625 0.6390625 0.134375 0.16875
3 0.81640625 0.60546875 0.0859375 0.115625
3 0.66171875 0.31953125 0.0953125 0.0796875
3 0.77421875 0.39140625 0.075 0.078125
3 0.11796875 0.8140625 0.0640625 0.0734375
3 0.1390625 0.96171875 0.103125 0.0765625