1 0.5421875 0.64375 0.875 0.7125
3 0.33203125 0.7015625 0.1328125 0.0953125
3 0.5703125 0.9109375 0.20625 0.178125
3 0.5234375 0.70546875 0.1015625 0.08125
3 0.40234375 0.471875 0.1140625 0.06875
3 0.6859375 0.43828125 0.1515625 0.075
3 0.94296875 0.63203125 0.1140625 0.1046875
3 0.9859375 0.9078125 0.028125 0.11875
3 0.746875 0.6125 0.0984375 0.0671875
3 0.8796875 0.76328125 0.0953125 0.071875
3 0.70546875 0.68671875 0.103125 0.096875
3 0.49921875 0.640625 0.090625 0.06875
3 0.6484375 0.5640625 0.1046875 0.065625
3 0.8921875 0.425 0.0875 0.0734375
3 0.76953125 0.48203125 0.1734375 0.08125
3 0.63125 0.5 0.0859375 0.0546875