1 0.50078125 0.5 0.9953125 1
3 0.68828125 0.553125 0.121875 0.1453125
3 0.53828125 0.43984375 0.075 0.1015625
3 0.47890625 0.515625 0.121875 0.14375
3 0.378125 0.690625 0.1234375 0.134375
3 0.3375 0.33671875 0.09375 0.121875
3 0.37578125 0.43671875 0.0671875 0.1046875
3 0.4046875 0.3875 0.065625 0.08125
3 0.42421875 0.4453125 0.05625 0.0796875
3 0.50234375 0.4203125 0.046875 0.05625
3 0.27265625 0.5 0.078125 0.0921875
3 0.35078125 0.5921875 0.0578125 0.065625
3 0.44453125 0.60859375 0.0859375 0.096875
3 0.18203125 0.7265625 0.078125 0.1015625
3 0.365625 0.55703125 0.03125 0.05625
3 0.38125 0.509375 0.0765625 0.0828125
3 0.390625 0.6046875 0.034375 0.046875
3 0.39375 0.5484375 0.0390625 0.053125
3 0.53828125 0.503125 0.0453125 0.0828125
3 0.56875 0.528125 0.0390625 0.053125
3 0.6203125 0.4765625 0.021875 0.0296875
3 0.646875 0.48046875 0.0265625 0.0328125