1 0.35703125 0.5046875 0.4921875 0.6375
3 0.29453125 0.55703125 0.0796875 0.0984375
3 0.321875 0.5 0.05625 0.0546875
3 0.3421875 0.4671875 0.0453125 0.0484375
3 0.3625 0.43203125 0.0390625 0.046875
3 0.37734375 0.553125 0.0328125 0.05625
3 0.4125 0.56953125 0.065625 0.08125
3 0.415625 0.5203125 0.0453125 0.05625
3 0.509375 0.49609375 0.0671875 0.0875
3 0.3609375 0.6015625 0.04375 0.05625
3 0.34453125 0.4 0.0234375 0.0296875
3 0.3921875 0.43984375 0.03125 0.04375
3 0.2671875 0.5015625 0.0328125 0.03125
3 0.29375 0.3625 0.0328125 0.04375
3 0.37890625 0.3421875 0.034375 0.0546875
3 0.3453125 0.365625 0.0421875 0.0375
3 0.4875 0.51015625 0.0171875 0.0265625
3 0.5125 0.4921875 0.0484375 0.0703125