3 0.68125 0.55078125 0.096875 0.11484375
3 0.5375 0.47421875 0.059375 0.08125
3 0.4890625 0.55234375 0.096875 0.1125
3 0.41171875 0.72734375 0.1015625 0.10390625
3 0.34765625 0.41015625 0.0734375 0.09609375
3 0.390625 0.49765625 0.05 0.0875
3 0.4125 0.44765625 0.053125 0.06640625
3 0.434375 0.496875 0.04375 0.06484375
3 0.50390625 0.4625 0.0359375 0.04609375
3 0.30078125 0.56953125 0.0640625 0.07265625
3 0.378125 0.64296875 0.046875 0.05234375
3 0.4640625 0.64140625 0.06875 0.075
3 0.2359375 0.790625 0.0625 0.08125
3 0.38984375 0.60859375 0.0234375 0.04609375
3 0.4015625 0.56171875 0.0625 0.06484375
3 0.41484375 0.64765625 0.0265625 0.0375
3 0.415625 0.59609375 0.03125 0.04140625
3 0.5421875 0.53125 0.034375 0.07109375
3 0.57265625 0.54921875 0.0296875 0.04375
3 0.61484375 0.49375 0.0171875 0.025
3 0.63984375 0.49453125 0.0203125 0.02734375
1 0.41328125 0.41484375 0.6171875 0.70859375