1 0.4109375 0.38984375 0.821875 0.7796875
3 0.6703125 0.42890625 0.2296875 0.3265625
3 0.2109375 0.396875 0.146875 0.2296875
3 0.53203125 0.24609375 0.28125 0.384375
3 0.28984375 0.33046875 0.1390625 0.2
3 0.49140625 0.53671875 0.125 0.1828125
3 0.540625 0.48046875 0.128125 0.140625
3 0.075 0.44921875 0.15 0.2140625
3 0.05546875 0.2625 0.0890625 0.1859375
3 0.07421875 0.059375 0.0859375 0.11875
3 0.22421875 0.1140625 0.15625 0.1671875
3 0.36796875 0.5328125 0.0859375 0.1125
3 0.33984375 0.4125 0.078125 0.146875