1 0.5 0.5 1 1
3 0.77421875 0.79140625 0.171875 0.1859375
3 0.5265625 0.81953125 0.1015625 0.0921875
3 0.090625 0.55703125 0.1171875 0.125
3 0.61875 0.634375 0.1703125 0.1828125
3 0.978125 0.22578125 0.0234375 0.0265625
3 0.98828125 0.284375 0.0234375 0.03125
3 0.4703125 0.69296875 0.0859375 0.10625
3 0.2875 0.590625 0.078125 0.0953125
3 0.3125 0.640625 0.090625 0.1171875
3 0.4421875 0.77734375 0.0734375 0.06875
3 0.14453125 0.40546875 0.071875 0.10625
3 0.228125 0.45234375 0.084375 0.1
3 0.17578125 0.46875 0.0734375 0.0578125
3 0.59453125 0.79609375 0.0734375 0.0890625
3 0.65546875 0.771875 0.0765625 0.059375
3 0.56640625 0.73046875 0.0578125 0.0734375
3 0.403125 0.6640625 0.0546875 0.059375
3 0.78515625 0.89140625 0.0609375 0.0609375
3 0.9 0.8953125 0.0671875 0.090625
3 0.6859375 0.51171875 0.134375 0.159375
3 0.8875 0.43515625 0.0828125 0.0953125
3 0.2859375 0.4625 0.103125 0.109375