1 0.53203125 0.61875 0.9359375 0.528125
2 0.4171875 0.58515625 0.178125 0.1328125
2 0.24375 0.50703125 0.1640625 0.171875
2 0.1421875 0.5 0.0828125 0.1125
2 0.22265625 0.63984375 0.1609375 0.1421875
2 0.6140625 0.6484375 0.2140625 0.1796875
2 0.39140625 0.71640625 0.0921875 0.0921875
2 0.6921875 0.79921875 0.0578125 0.0765625
2 0.8515625 0.7640625 0.1015625 0.11875
2 0.75703125 0.64765625 0.096875 0.0765625
2 0.7734375 0.609375 0.1234375 0.1234375
2 0.86875 0.6796875 0.1140625 0.1078125
2 0.48046875 0.703125 0.075 0.065625
2 0.33125 0.6359375 0.0859375 0.10625
2 0.39609375 0.646875 0.05625 0.0640625