1 0.5 0.5 1 1
3 0.66484375 0.56015625 0.209375 0.2203125
3 0.85625 0.5859375 0.2015625 0.21875
3 0.23046875 0.85625 0.134375 0.1359375
3 0.2 0.70234375 0.0875 0.1203125
3 0.28515625 0.684375 0.096875 0.096875
3 0.34375 0.6453125 0.0953125 0.103125
3 0.45234375 0.79296875 0.0734375 0.059375
3 0.4390625 0.77421875 0.1046875 0.1234375
3 0.5953125 0.7140625 0.0921875 0.1125
3 0.5921875 0.79765625 0.0859375 0.075
3 0.6828125 0.77109375 0.115625 0.1046875
3 0.7203125 0.71015625 0.09375 0.10625
3 0.76171875 0.64765625 0.0796875 0.0796875
3 0.98125 0.57734375 0.0375 0.0890625
3 0.91796875 0.65234375 0.0703125 0.071875
3 0.54609375 0.628125 0.134375 0.1421875
3 0.51484375 0.5703125 0.075 0.0828125
3 0.56171875 0.6515625 0.075 0.0671875
3 0.646875 0.39296875 0.1546875 0.19375
3 0.725 0.49296875 0.078125 0.103125
3 0.70625 0.43828125 0.1140625 0.11875
3 0.84453125 0.45625 0.0921875 0.090625
3 0.7703125 0.21328125 0.1046875 0.11875
3 0.9203125 0.48671875 0.11875 0.1390625
3 0.228125 0.9375 0.053125 0.0640625