1 0.5078125 0.51796875 0.9015625 0.8453125
3 0.33515625 0.46328125 0.1203125 0.1203125
3 0.55703125 0.4421875 0.115625 0.115625
3 0.2546875 0.70625 0.0796875 0.0859375
3 0.6046875 0.8515625 0.209375 0.1546875
3 0.5734375 0.54375 0.0953125 0.084375
3 0.69375 0.4375 0.1046875 0.1421875
3 0.76484375 0.2625 0.1 0.084375
3 0.8328125 0.7609375 0.0578125 0.0546875
3 0.42890625 0.69453125 0.0890625 0.09375
3 0.26171875 0.82265625 0.121875 0.1015625
3 0.4796875 0.8078125 0.0765625 0.128125
3 0.38984375 0.9 0.0703125 0.059375
3 0.63203125 0.64453125 0.1046875 0.1484375
3 0.79453125 0.6453125 0.0671875 0.1046875
3 0.703125 0.334375 0.08125 0.0609375
3 0.79765625 0.42734375 0.0609375 0.065625
3 0.071875 0.70390625 0.0515625 0.0609375
3 0.05234375 0.8765625 0.09375 0.1140625