1 0.634375 0.571875 0.73125 0.48125
1 0.23984375 0.65546875 0.1796875 0.16484375
3 0.29375 0.76953125 0.14375 0.14765625
3 0.4515625 0.615625 0.1625 0.10625
3 0.65625 0.59453125 0.178125 0.15234375
3 0.48046875 0.77265625 0.0859375 0.08359375
3 0.925 0.58359375 0.075 0.10859375
3 0.796875 0.465625 0.128125 0.07734375
3 0.8421875 0.390625 0.09375 0.08125
3 0.96640625 0.38515625 0.0671875 0.0875
3 0.55859375 0.70546875 0.0703125 0.06484375
3 0.3890625 0.7125 0.08125 0.09140625
3 0.46484375 0.7 0.0578125 0.0625
3 0.790625 0.690625 0.046875 0.07265625
3 0.8578125 0.590625 0.059375 0.07265625