1 0.5 0.625 1 0.75
3 0.35078125 0.66796875 0.146875 0.103125
3 0.5578125 0.9140625 0.190625 0.171875
3 0.53359375 0.696875 0.1078125 0.0828125
3 0.4359375 0.44453125 0.109375 0.06875
3 0.95390625 0.6671875 0.084375 0.0984375
3 0.87578125 0.7890625 0.0984375 0.0671875
3 0.721875 0.44296875 0.140625 0.0796875
3 0.51328125 0.61953125 0.0859375 0.05
3 0.65625 0.56328125 0.0890625 0.05
3 0.71328125 0.696875 0.1015625 0.0921875
3 0.765625 0.61796875 0.096875 0.0578125
3 0.97578125 0.9515625 0.0203125 0.096875
3 0.6421875 0.428125 0.078125 0.0390625