1 0.5 0.5 1 1
3 0.63984375 0.615625 0.19375 0.2078125
3 0.834375 0.67421875 0.1859375 0.2078125
3 0.1390625 0.8515625 0.125 0.128125
3 0.134375 0.68671875 0.075 0.11875
3 0.22421875 0.68203125 0.090625 0.0921875
3 0.2921875 0.65078125 0.0875 0.096875
3 0.3796875 0.82265625 0.0703125 0.053125
3 0.36875 0.80078125 0.09375 0.11875
3 0.54140625 0.76328125 0.0828125 0.109375
3 0.52421875 0.85078125 0.08125 0.06875
3 0.62421875 0.83828125 0.1109375 0.0953125
3 0.67265625 0.7796875 0.084375 0.1015625
3 0.72578125 0.72265625 0.075 0.075
3 0.975 0.68828125 0.05 0.0859375
3 0.88671875 0.75234375 0.065625 0.0671875
3 0.5046875 0.66640625 0.1234375 0.1328125
3 0.48203125 0.6015625 0.06875 0.078125
3 0.51640625 0.69375 0.0703125 0.0609375
3 0.6484375 0.440625 0.1375 0.1890625
3 0.71328125 0.55625 0.06875 0.1015625
3 0.7015625 0.49609375 0.1078125 0.1125
3 0.84296875 0.5375 0.0859375 0.084375
3 0.80625 0.2734375 0.0953125 0.1140625
3 0.91640625 0.58125 0.1078125 0.1328125
3 0.12421875 0.93515625 0.0484375 0.0609375