1 0.5515625 0.61171875 0.884375 0.31875
3 0.43203125 0.58828125 0.1640625 0.11875
3 0.24453125 0.521875 0.1328125 0.13984375
3 0.15 0.52734375 0.078125 0.09609375
3 0.24453125 0.65859375 0.1421875 0.11640625
3 0.35078125 0.64921875 0.0671875 0.10625
3 0.41796875 0.73125 0.0921875 0.07109375
3 0.415625 0.65546875 0.04375 0.06015625
3 0.62890625 0.63671875 0.1828125 0.13125
3 0.7734375 0.621875 0.08125 0.06015625
3 0.87265625 0.65859375 0.1328125 0.1
3 0.88515625 0.74453125 0.0796875 0.11875
3 0.734375 0.7875 0.05 0.05859375
3 0.7859375 0.57421875 0.115625 0.10625
3 0.503125 0.70625 0.06875 0.05390625
3 0.646875 0.71875 0.0625 0.06640625