1 0.47890625 0.5 0.9578125 1
3 0.65 0.57578125 0.11875 0.1359375
3 0.50546875 0.46796875 0.075 0.096875
3 0.44140625 0.54453125 0.1171875 0.1328125
3 0.33125 0.72421875 0.121875 0.1234375
3 0.31015625 0.36953125 0.090625 0.1125
3 0.34296875 0.4703125 0.0640625 0.1
3 0.375 0.41953125 0.0640625 0.078125
3 0.3921875 0.47734375 0.0546875 0.0734375
3 0.47109375 0.44921875 0.0453125 0.0515625
3 0.2359375 0.53671875 0.0765625 0.084375
3 0.309375 0.62421875 0.0578125 0.0625
3 0.40078125 0.63828125 0.0828125 0.0875
3 0.1328125 0.765625 0.0765625 0.09375
3 0.3265625 0.59140625 0.03125 0.053125
3 0.3453125 0.540625 0.0765625 0.0765625
3 0.3484375 0.63671875 0.0328125 0.0421875
3 0.35546875 0.58125 0.0375 0.0484375
3 0.50234375 0.53046875 0.0453125 0.08125
3 0.53203125 0.55546875 0.0390625 0.0515625
3 0.5859375 0.50078125 0.0203125 0.0296875
3 0.61328125 0.50625 0.025 0.0328125