1 0.51953125 0.4 0.2046875 0.37890625
3 0.45625 0.51875 0.0375 0.05
3 0.4765625 0.684375 0.034375 0.03984375
3 0.4984375 0.509375 0.034375 0.03515625
3 0.5125 0.378125 0.05625 0.06875
3 0.53359375 0.42421875 0.0515625 0.06875
3 0.5609375 0.53359375 0.034375 0.04609375
3 0.5546875 0.49375 0.028125 0.02890625
3 0.57734375 0.46875 0.0234375 0.0375
3 0.53828125 0.33359375 0.0390625 0.05
3 0.59375 0.303125 0.028125 0.03984375
3 0.5765625 0.38125 0.01875 0.04140625
3 0.49609375 0.48359375 0.0484375 0.04609375