1 0.55625 0.609375 0.88125 0.35234375
2 0.43671875 0.60078125 0.1609375 0.10234375
2 0.25078125 0.56015625 0.1359375 0.14609375
2 0.15 0.57421875 0.0625 0.10234375
2 0.2578125 0.69453125 0.140625 0.11484375
2 0.6421875 0.621875 0.1875 0.14375
2 0.4390625 0.734375 0.078125 0.07734375
2 0.75 0.753125 0.04375 0.06875
2 0.8984375 0.68515625 0.08125 0.10390625
2 0.78203125 0.590625 0.0859375 0.06015625
2 0.78984375 0.55 0.1046875 0.10390625
2 0.8984375 0.59921875 0.096875 0.08984375
2 0.5234375 0.70234375 0.065625 0.05390625
2 0.36328125 0.66796875 0.0671875 0.09375
2 0.42890625 0.665625 0.0453125 0.05625