1 0.5 0.5 1 1
3 0.30390625 0.4 0.15 0.165625
3 0.53046875 0.4640625 0.1421875 0.1578125
3 0.1625 0.6125 0.1 0.115625
3 0.475 0.8875 0.246875 0.225
3 0.52265625 0.57265625 0.115625 0.1203125
3 0.66875 0.5109375 0.1375 0.1828125
3 0.78203125 0.36484375 0.121875 0.1203125
3 0.7265625 0.88828125 0.0703125 0.075
3 0.33984375 0.66640625 0.1125 0.1296875
3 0.1421875 0.73125 0.146875 0.146875
3 0.3625 0.80078125 0.1046875 0.15625
3 0.2515625 0.85703125 0.0859375 0.0859375
3 0.55625 0.6953125 0.1390625 0.1890625
3 0.71796875 0.75703125 0.090625 0.1296875
3 0.703125 0.4125 0.096875 0.0921875
3 0.775 0.54140625 0.0765625 0.0890625
3 0.00703125 0.53984375 0.0140625 0.0765625