3 0.1921875 0.46875 0.1703125 0.2
1 0.815625 0.65625 0.36875 0.528125
3 0.1640625 0.62734375 0.190625 0.16875
3 0.38671875 0.5640625 0.21875 0.1640625
3 0.5984375 0.65 0.2390625 0.2125
3 0.34296875 0.71796875 0.13125 0.1203125
3 0.86328125 0.78671875 0.1125 0.1484375
3 0.76328125 0.63125 0.1125 0.1140625
3 0.68515625 0.81875 0.0796875 0.1
3 0.60078125 0.7296875 0.0703125 0.0859375
3 0.51171875 0.734375 0.0609375 0.0625
3 0.4453125 0.70546875 0.0875 0.08125
3 0.275 0.61640625 0.1140625 0.1328125
3 0.35390625 0.640625 0.0859375 0.109375
3 0.98515625 0.5109375 0.0296875 0.1
3 0.79296875 0.75546875 0.1078125 0.1125
3 0.08359375 0.45859375 0.0953125 0.1265625