1 0.35078125 0.453125 0.40625 0.5609375
3 0.2765625 0.48828125 0.065625 0.084375
3 0.315625 0.440625 0.05 0.0453125
3 0.3421875 0.41484375 0.0390625 0.040625
3 0.371875 0.38203125 0.0328125 0.040625
3 0.36171875 0.50859375 0.021875 0.0515625
3 0.39296875 0.5359375 0.05625 0.071875
3 0.40703125 0.48671875 0.0375 0.046875
3 0.50546875 0.48671875 0.05625 0.078125
3 0.33515625 0.55390625 0.0375 0.046875
3 0.3578125 0.34609375 0.01875 0.025
3 0.4 0.40078125 0.025 0.0390625
3 0.25859375 0.4265625 0.028125 0.025
3 0.31640625 0.29296875 0.025 0.040625
3 0.40546875 0.296875 0.025 0.0515625
3 0.36640625 0.3109375 0.0375 0.028125
3 0.48203125 0.49453125 0.0125 0.0234375
3 0.5125 0.48515625 0.0375 0.065625