1 0.1671875 0.63125 0.334375 0.6625
3 0.4421875 0.58125 0.0921875 0.11875
3 0.03203125 0.415625 0.0640625 0.11875
3 0.084375 0.83984375 0.1484375 0.165625
3 0.20546875 0.6109375 0.134375 0.109375
3 0.0578125 0.53046875 0.075 0.11875
3 0.27734375 0.49765625 0.0640625 0.078125
3 0.1875 0.71875 0.053125 0.0546875
3 0.03984375 0.725 0.0734375 0.0734375
3 0.0984375 0.66796875 0.05625 0.0390625
3 0.07734375 0.62109375 0.10625 0.0921875
3 0.0984375 0.4640625 0.0734375 0.065625
3 0.1359375 0.53515625 0.0875 0.0765625