1 0.53046875 0.4359375 0.93828125 0.87109375
3 0.8046875 0.7109375 0.1390625 0.1359375
3 0.58359375 0.8 0.0875 0.0640625
3 0.146875 0.67109375 0.09765625 0.09296875
3 0.63984375 0.60859375 0.1390625 0.13203125
3 0.90625 0.14609375 0.01796875 0.02109375
3 0.92578125 0.19609375 0.0203125 0.02109375
3 0.5125 0.6984375 0.06953125 0.08203125
3 0.33125 0.6515625 0.06171875 0.075
3 0.3609375 0.6890625 0.06953125 0.09296875
3 0.5 0.78046875 0.059375 0.04609375
3 0.1734375 0.51953125 0.05390625 0.0890625
3 0.25703125 0.54140625 0.0671875 0.075
3 0.21171875 0.56953125 0.0640625 0.0390625
3 0.64140625 0.7625 0.059375 0.06796875
3 0.69375 0.7234375 0.0671875 0.0390625
3 0.60703125 0.70703125 0.04609375 0.05703125
3 0.44765625 0.6890625 0.04609375 0.04296875
3 0.83046875 0.8 0.0515625 0.04296875
3 0.9359375 0.775 0.0515625 0.07109375
3 0.6828125 0.48046875 0.10546875 0.125
3 0.8546875 0.35703125 0.0640625 0.07109375
3 0.3125 0.5359375 0.08515625 0.07890625