1 0.25234375 0.58671875 0.5046875 0.7203125
3 0.396875 0.57109375 0.1234375 0.15
3 0.1484375 0.578125 0.1453125 0.1765625
3 0.0640625 0.81015625 0.0859375 0.1765625
3 0.03203125 0.58359375 0.0609375 0.1015625
3 0.06171875 0.4984375 0.096875 0.1171875
3 0.21953125 0.46953125 0.09375 0.0859375
3 0.0984375 0.66484375 0.09375 0.0859375
3 0.1234375 0.69765625 0.075 0.0765625
3 0.184375 0.72265625 0.059375 0.0671875
3 0.23046875 0.56484375 0.053125 0.071875
3 0.01796875 0.50234375 0.0359375 0.1421875
3 0.16484375 0.46953125 0.0484375 0.0578125
3 0.2375 0.52421875 0.04375 0.04375