1 0.5 0.48671875 1 0.9734375
3 0.86328125 0.6171875 0.175 0.175
3 0.665625 0.7640625 0.103125 0.0859375
3 0.1953125 0.7515625 0.1203125 0.1171875
3 0.66953125 0.55703125 0.175 0.1703125
3 0.81328125 0.0234375 0.025 0.0265625
3 0.84453125 0.06953125 0.0296875 0.0296875
3 0.56796875 0.68046875 0.0890625 0.1015625
3 0.37421875 0.68203125 0.08125 0.0890625
3 0.4140625 0.7140625 0.0953125 0.1125
3 0.57734375 0.76796875 0.0734375 0.0640625
3 0.18046875 0.59375 0.0765625 0.1
3 0.26953125 0.59140625 0.0875 0.0953125
3 0.2328125 0.63125 0.0734375 0.0546875
3 0.7125 0.7109375 0.075 0.08125
3 0.75390625 0.6578125 0.075 0.0546875
3 0.6640625 0.66484375 0.0609375 0.06875
3 0.49921875 0.68828125 0.05625 0.05625
3 0.91171875 0.69609375 0.0609375 0.0578125
3 0.98671875 0.64375 0.0265625 0.0875
3 0.678125 0.4171875 0.1390625 0.1515625
3 0.8171875 0.25 0.084375 0.0890625
3 0.321875 0.571875 0.1046875 0.1015625