1 0.18515625 0.57421875 0.3703125 0.7359375
3 0.4359375 0.5578125 0.109375 0.1390625
3 0.034375 0.346875 0.06875 0.134375
3 0.08046875 0.775 0.1375 0.196875
3 0.1953125 0.56015625 0.15 0.1390625
3 0.04921875 0.4640625 0.0921875 0.134375
3 0.27109375 0.4546875 0.075 0.090625
3 0.171875 0.66953125 0.059375 0.065625
3 0.0359375 0.65625 0.0578125 0.090625
3 0.08359375 0.60703125 0.0640625 0.0515625
3 0.06484375 0.55859375 0.1203125 0.115625
3 0.09296875 0.4015625 0.0828125 0.08125
3 0.12578125 0.47734375 0.1 0.0953125