1 0.6296875 0.578125 0.740625 0.771875
3 0.4 0.67421875 0.125 0.1078125
3 0.640625 0.840625 0.1953125 0.1796875
3 0.575 0.64921875 0.0984375 0.09375
3 0.44296875 0.4421875 0.1078125 0.0703125
3 0.70390625 0.384375 0.14375 0.0921875
3 0.740625 0.6078125 0.1125 0.0890625
3 0.91875 0.53359375 0.1625 0.1484375
3 0.88671875 0.3328125 0.071875 0.08125
3 0.90078125 0.64765625 0.09375 0.065625
3 0.66953125 0.49765625 0.109375 0.0765625
3 0.39921875 0.8265625 0.0734375 0.0703125
3 0.5359375 0.58359375 0.0796875 0.0625
3 0.61484375 0.3828125 0.0765625 0.0515625