1 0.5 0.53515625 1 0.9296875
3 0.3640625 0.6359375 0.16875 0.1390625
3 0.6109375 0.8671875 0.228125 0.225
3 0.553125 0.646875 0.1265625 0.109375
3 0.41953125 0.40234375 0.1234375 0.096875
3 0.96015625 0.5796875 0.0796875 0.121875
3 0.9125 0.7078125 0.1125 0.0921875
3 0.70625 0.375 0.1578125 0.115625
3 0.5203125 0.571875 0.0953125 0.071875
3 0.6578125 0.5015625 0.1 0.071875
3 0.73515625 0.63046875 0.1203125 0.1171875
3 0.77734375 0.5453125 0.109375 0.0828125
3 0.6234375 0.36796875 0.0859375 0.05625