1 0.50625 0.53046875 0.85859375 0.80390625
3 0.33984375 0.475 0.115625 0.1140625
3 0.55546875 0.45703125 0.11015625 0.10703125
3 0.25625 0.70859375 0.0765625 0.08203125
3 0.59375 0.85546875 0.19765625 0.14609375
3 0.56953125 0.55703125 0.0921875 0.07890625
3 0.6875 0.45546875 0.09765625 0.1390625
3 0.75859375 0.2875 0.09765625 0.08203125
3 0.81640625 0.76953125 0.05390625 0.05390625
3 0.4265625 0.6984375 0.084375 0.0890625
3 0.2625 0.81953125 0.115625 0.09609375
3 0.471875 0.8109375 0.071875 0.12109375
3 0.384375 0.89609375 0.06640625 0.05703125
3 0.62421875 0.65390625 0.1 0.14296875
3 0.78203125 0.65703125 0.06171875 0.1
3 0.6984375 0.35546875 0.0796875 0.0609375
3 0.78828125 0.44609375 0.05859375 0.0640625
3 0.08046875 0.7015625 0.0484375 0.0609375
3 0.0515625 0.86796875 0.10234375 0.10703125