1 0.39453125 0.41953125 0.50625 0.6265625
3 0.3125 0.43515625 0.0828125 0.096875
3 0.3625 0.39609375 0.05625 0.0515625
3 0.39609375 0.37734375 0.0484375 0.046875
3 0.43203125 0.35234375 0.040625 0.0484375
3 0.3921875 0.475 0.0328125 0.0578125
3 0.415625 0.51171875 0.0671875 0.08125
3 0.44140625 0.46640625 0.0453125 0.053125
3 0.5390625 0.4921875 0.0703125 0.0859375
3 0.3546875 0.5140625 0.0453125 0.053125
3 0.42734375 0.31484375 0.0234375 0.028125
3 0.45546875 0.37890625 0.03125 0.04375
3 0.309375 0.36953125 0.03125 0.0296875
3 0.39765625 0.2515625 0.034375 0.046875
3 0.4859375 0.2765625 0.034375 0.05625
3 0.44375 0.28125 0.04375 0.0359375
3 0.5140625 0.49296875 0.01875 0.0265625
3 0.54609375 0.49140625 0.05 0.06875