1 0.50703125 0.51875 0.79375 0.89765625
3 0.68046875 0.5546875 0.0953125 0.1125
3 0.5375 0.4734375 0.05859375 0.0796875
3 0.4875 0.5515625 0.09609375 0.11015625
3 0.4078125 0.725 0.1 0.10234375
3 0.3484375 0.40703125 0.07265625 0.09453125
3 0.38984375 0.4953125 0.04921875 0.084375
3 0.41328125 0.44453125 0.0515625 0.06484375
3 0.434375 0.4953125 0.0421875 0.0640625
3 0.50390625 0.4609375 0.0359375 0.0453125
3 0.29921875 0.565625 0.0625 0.07109375
3 0.3765625 0.63828125 0.04609375 0.0515625
3 0.46171875 0.640625 0.06796875 0.07421875
3 0.23125 0.784375 0.06171875 0.07890625
3 0.38828125 0.60546875 0.02265625 0.046875
3 0.4 0.55859375 0.06171875 0.0625
3 0.4125 0.64453125 0.02578125 0.03671875
3 0.4125 0.59296875 0.03046875 0.04140625
3 0.54140625 0.53125 0.0328125 0.0703125
3 0.57109375 0.55078125 0.0296875 0.04375
3 0.6140625 0.49609375 0.01640625 0.025
3 0.6390625 0.496875 0.0203125 0.0265625