1 0.5 0.5 1 1
3 0.83046875 0.6953125 0.1796875 0.1859375
3 0.61953125 0.79140625 0.1046875 0.0921875
3 0.165625 0.68671875 0.1234375 0.125
3 0.653125 0.6015625 0.1796875 0.1828125
3 0.86796875 0.13125 0.025 0.0265625
3 0.8921875 0.18125 0.0296875 0.03125
3 0.53671875 0.69609375 0.0921875 0.1078125
3 0.34921875 0.659375 0.0828125 0.09375
3 0.38359375 0.6953125 0.0984375 0.1171875
3 0.53359375 0.778125 0.0765625 0.0703125
3 0.17421875 0.53671875 0.08125 0.1046875
3 0.2609375 0.5515625 0.0890625 0.0984375
3 0.21875 0.58203125 0.0734375 0.0609375
3 0.67265625 0.753125 0.078125 0.0859375
3 0.72109375 0.71171875 0.0765625 0.0609375
3 0.63203125 0.69921875 0.0625 0.071875
3 0.46953125 0.6890625 0.0578125 0.059375
3 0.86796875 0.78046875 0.0625 0.0625
3 0.96640625 0.75078125 0.0671875 0.0890625
3 0.68203125 0.471875 0.14375 0.159375
3 0.8390625 0.34375 0.0875 0.09375
3 0.31484375 0.5453125 0.1078125 0.1109375