1 0.5421875 0.475 0.915625 0.77890625
3 0.63828125 0.62421875 0.1484375 0.14765625
3 0.80078125 0.734375 0.1421875 0.14765625
3 0.14375 0.684375 0.096875 0.08515625
3 0.171875 0.53515625 0.05 0.09609375
3 0.25390625 0.55859375 0.0703125 0.0625
3 0.31953125 0.55078125 0.0671875 0.06875
3 0.36640625 0.72890625 0.0578125 0.03359375
3 0.36015625 0.70859375 0.0671875 0.0875
3 0.521875 0.72578125 0.059375 0.08125
3 0.48984375 0.79921875 0.0671875 0.04375
3 0.58046875 0.815625 0.0890625 0.06015625
3 0.6359375 0.77890625 0.0625 0.075
3 0.69453125 0.74609375 0.0609375 0.05
3 0.9359375 0.79140625 0.053125 0.0625
3 0.8328125 0.81875 0.05 0.04609375
3 0.509375 0.62890625 0.09375 0.09609375
3 0.5 0.565625 0.053125 0.05625
3 0.51328125 0.65703125 0.0578125 0.03984375
3 0.68046875 0.47109375 0.0953125 0.14609375
3 0.715625 0.59140625 0.046875 0.07890625
3 0.7171875 0.5375 0.08125 0.07890625
3 0.8375 0.615625 0.06875 0.05625
3 0.85546875 0.36796875 0.0703125 0.08515625
3 0.89296875 0.67578125 0.0796875 0.09765625
3 0.11484375 0.75390625 0.0359375 0.04609375