1 0.5078125 0.51953125 0.79375 0.89765625
3 0.68046875 0.55625 0.0953125 0.1125
3 0.5375 0.47421875 0.059375 0.08125
3 0.48828125 0.55078125 0.0953125 0.11015625
3 0.4078125 0.72578125 0.1 0.10234375
3 0.3484375 0.40703125 0.071875 0.09375
3 0.38984375 0.49453125 0.0484375 0.08515625
3 0.41328125 0.44453125 0.0515625 0.06484375
3 0.43515625 0.49609375 0.0421875 0.0625
3 0.50390625 0.46171875 0.0359375 0.04375
3 0.3 0.56640625 0.0625 0.07109375
3 0.3765625 0.63828125 0.046875 0.05234375
3 0.46171875 0.640625 0.0671875 0.07265625
3 0.23203125 0.78515625 0.0609375 0.07890625
3 0.38828125 0.60625 0.0234375 0.04609375
3 0.4 0.55859375 0.0625 0.0625
3 0.41328125 0.64453125 0.0265625 0.03515625
3 0.41328125 0.59375 0.0296875 0.04140625
3 0.54140625 0.53125 0.0328125 0.07109375
3 0.57109375 0.55078125 0.0296875 0.04375
3 0.6140625 0.49609375 0.015625 0.025
3 0.63984375 0.496875 0.0203125 0.02734375