1 0.54921875 0.59296875 0.9015625 0.4703125
3 0.21953125 0.584375 0.2078125 0.1796875
3 0.44609375 0.5953125 0.1875 0.140625
3 0.65234375 0.59453125 0.2109375 0.1546875
3 0.2765625 0.71171875 0.1625 0.140625
3 0.4671875 0.73984375 0.103125 0.09375
3 0.92734375 0.634375 0.084375 0.115625
3 0.965625 0.5234375 0.06875 0.0890625
3 0.9640625 0.52578125 0.0703125 0.0890625
3 0.90390625 0.534375 0.08125 0.0875
3 0.8171875 0.5921875 0.0828125 0.08125
3 0.80234375 0.5234375 0.1328125 0.13125
3 0.7875 0.715625 0.065625 0.0875
3 0.3796875 0.6765625 0.1 0.1109375
3 0.4515625 0.671875 0.06875 0.0703125
3 0.68671875 0.67578125 0.065625 0.0734375
3 0.54375 0.69921875 0.0796875 0.059375