1 0.54765625 0.665625 0.9046875 0.3953125
3 0.4578125 0.6359375 0.1859375 0.1390625
3 0.25703125 0.55234375 0.153125 0.1609375
3 0.15390625 0.553125 0.090625 0.109375
3 0.24921875 0.70234375 0.1625 0.1359375
3 0.36640625 0.69765625 0.0796875 0.1203125
3 0.434375 0.79140625 0.1046875 0.0828125
3 0.4359375 0.7078125 0.0515625 0.06875
3 0.66953125 0.7 0.2078125 0.1546875
3 0.828125 0.6921875 0.0921875 0.0703125
3 0.925 0.7375 0.1328125 0.115625
3 0.940625 0.8328125 0.090625 0.134375
3 0.7765625 0.87109375 0.0578125 0.0671875
3 0.84453125 0.63984375 0.1328125 0.1234375
3 0.52890625 0.76875 0.078125 0.0625
3 0.68515625 0.790625 0.071875 0.0765625