1 0.5 0.5 1 1
3 0.8421875 0.75234375 0.19375 0.20625
3 0.6125 0.828125 0.1125 0.103125
3 0.14453125 0.66796875 0.1328125 0.1390625
3 0.66328125 0.634375 0.19375 0.2015625
3 0.92265625 0.17421875 0.0265625 0.0296875
3 0.94453125 0.22734375 0.028125 0.034375
3 0.5328125 0.7203125 0.1 0.115625
3 0.33828125 0.659375 0.0890625 0.103125
3 0.371875 0.70234375 0.10625 0.128125
3 0.5234375 0.80546875 0.08125 0.0765625
3 0.1640625 0.51328125 0.0875 0.1140625
3 0.25390625 0.54140625 0.096875 0.109375
3 0.2078125 0.5671875 0.0796875 0.0671875
3 0.67265625 0.79296875 0.0859375 0.096875
3 0.72578125 0.75703125 0.0828125 0.06875
3 0.6328125 0.73515625 0.0671875 0.078125
3 0.46328125 0.70625 0.0625 0.065625
3 0.8734375 0.8453125 0.06875 0.06875
3 0.971875 0.825 0.05625 0.096875
3 0.70234375 0.50546875 0.1546875 0.1734375
3 0.878125 0.390625 0.09375 0.1046875
3 0.3109375 0.5390625 0.115625 0.121875