1 0.5 0.5 1 1
3 0.353125 0.4203125 0.15 0.15
3 0.57890625 0.46171875 0.14375 0.14375
3 0.203125 0.63828125 0.1015625 0.1046875
3 0.51015625 0.88203125 0.246875 0.2046875
3 0.56640625 0.56875 0.115625 0.10625
3 0.715625 0.496875 0.1390625 0.1671875
3 0.8359375 0.34453125 0.1203125 0.1078125
3 0.7625 0.85703125 0.0703125 0.06875
3 0.38046875 0.67578125 0.1109375 0.115625
3 0.17734375 0.75625 0.1453125 0.13125
3 0.39765625 0.80234375 0.1078125 0.146875
3 0.2828125 0.86875 0.084375 0.0765625
3 0.59609375 0.684375 0.140625 0.1734375
3 0.75703125 0.73203125 0.0921875 0.1203125
3 0.75546875 0.3984375 0.096875 0.08125
3 0.821875 0.5171875 0.0765625 0.0796875
3 0.02734375 0.58359375 0.0546875 0.0734375