1 0.24453125 0.58515625 0.4890625 0.54296875
3 0.440625 0.55625 0.08984375 0.11328125
3 0.2171875 0.56875 0.10546875 0.134375
3 0.0375 0.38984375 0.075 0.11640625
3 0.09921875 0.78828125 0.12890625 0.1375
3 0.08984375 0.5828125 0.08984375 0.075
3 0.14140625 0.49921875 0.07265625 0.0875
3 0.28359375 0.4703125 0.0734375 0.059375
3 0.1703125 0.65 0.0734375 0.059375
3 0.19296875 0.6796875 0.05703125 0.0546875
3 0.0375 0.7015625 0.075 0.0734375
3 0.2453125 0.69921875 0.04609375 0.05
3 0.290625 0.5546875 0.03828125 0.05625
3 0.065625 0.509375 0.084375 0.11328125
3 0.23359375 0.4703125 0.0359375 0.04453125
3 0.2984375 0.51796875 0.03359375 0.03125