1 0.184375 0.5875 0.36875 0.75625
3 0.41796875 0.5515625 0.121875 0.1484375
3 0.03125 0.3640625 0.0515625 0.134375
3 0.05546875 0.79921875 0.1109375 0.2078125
3 0.1703125 0.5703125 0.1609375 0.146875
3 0.0375 0.4796875 0.075 0.1375
3 0.25703125 0.45859375 0.0828125 0.096875
3 0.1375 0.68125 0.065625 0.0703125
3 0.01484375 0.68046875 0.0296875 0.0921875
3 0.05078125 0.62109375 0.0671875 0.05625
3 0.05 0.571875 0.1 0.121875
3 0.07421875 0.41171875 0.0890625 0.0875
3 0.1046875 0.4875 0.1078125 0.103125