3 0.6828125 0.57734375 0.10625 0.1234375
3 0.53984375 0.490625 0.065625 0.0875
3 0.48515625 0.56796875 0.10625 0.121875
3 0.3953125 0.74453125 0.1109375 0.1125
3 0.346875 0.41484375 0.08125 0.103125
3 0.3859375 0.50703125 0.05625 0.09375
3 0.41171875 0.45625 0.0578125 0.071875
3 0.43125 0.5078125 0.0484375 0.06875
3 0.50546875 0.4765625 0.0390625 0.05
3 0.28984375 0.5765625 0.0703125 0.0796875
3 0.365625 0.65546875 0.0515625 0.05625
3 0.4546875 0.659375 0.075 0.08125
3 0.2109375 0.80078125 0.06875 0.0875
3 0.3796875 0.62109375 0.0265625 0.0484375
3 0.39453125 0.5734375 0.06875 0.0703125
3 0.403125 0.66328125 0.0296875 0.040625
3 0.4078125 0.609375 0.034375 0.0453125
3 0.54140625 0.55 0.0390625 0.075
3 0.57109375 0.56953125 0.0328125 0.046875
3 0.61796875 0.51484375 0.01875 0.0265625
3 0.64375 0.5171875 0.021875 0.0296875
1 0.4140625 0.421875 0.6734375 0.765625