3 0.2515625 0.575 0.11875 0.15390625
1 0.8578125 0.6 0.284375 0.42109375
3 0.2609375 0.71796875 0.146875 0.11875
3 0.440625 0.615625 0.175 0.10625
3 0.64296875 0.64375 0.1828125 0.15
3 0.4359375 0.75703125 0.1 0.08515625
3 0.90234375 0.70546875 0.0734375 0.11875
3 0.78203125 0.59140625 0.0828125 0.08359375
3 0.7546875 0.77109375 0.053125 0.07890625
3 0.66171875 0.7125 0.0484375 0.06640625
3 0.5859375 0.73515625 0.04375 0.04609375
3 0.521875 0.725 0.065625 0.05859375
3 0.35546875 0.684375 0.0796875 0.10234375
3 0.42890625 0.68828125 0.0578125 0.08515625
3 0.97265625 0.43828125 0.0546875 0.08515625
3 0.834375 0.69375 0.078125 0.08359375
3 0.1546875 0.58984375 0.0625 0.1