1 0.165625 0.6140625 0.33046875 0.6359375
3 0.4421875 0.56796875 0.08984375 0.1140625
3 0.03828125 0.40390625 0.0765625 0.1140625
3 0.08984375 0.8140625 0.14375 0.15703125
3 0.2125 0.59453125 0.128125 0.10390625
3 0.06953125 0.5140625 0.071875 0.1140625
3 0.28359375 0.48359375 0.05859375 0.075
3 0.1921875 0.6984375 0.0515625 0.05390625
3 0.0421875 0.70390625 0.084375 0.07109375
3 0.10625 0.64609375 0.05390625 0.0359375
3 0.0875 0.6015625 0.10234375 0.0890625
3 0.11015625 0.45 0.071875 0.0640625
3 0.14453125 0.51796875 0.084375 0.07109375