3 0.71640625 0.54140625 0.1140625 0.1328125
3 0.565625 0.44609375 0.0703125 0.09375
3 0.50703125 0.528125 0.1140625 0.13125
3 0.409375 0.7140625 0.11875 0.121875
3 0.36328125 0.36171875 0.0875 0.109375
3 0.403125 0.4609375 0.0609375 0.1
3 0.43125 0.40859375 0.0625 0.0765625
3 0.45078125 0.46328125 0.053125 0.075
3 0.5296875 0.43046875 0.0421875 0.053125
3 0.3 0.5328125 0.075 0.084375
3 0.37890625 0.61875 0.0546875 0.0609375
3 0.47265625 0.62421875 0.08125 0.0875
3 0.2125 0.76953125 0.0734375 0.09375
3 0.39375 0.58203125 0.0296875 0.0515625
3 0.4109375 0.53125 0.0734375 0.075
3 0.41796875 0.6265625 0.03125 0.04375
3 0.4234375 0.56953125 0.0375 0.046875
3 0.565625 0.509375 0.0421875 0.0796875
3 0.5984375 0.53125 0.0359375 0.05
3 0.6484375 0.4734375 0.0203125 0.028125
3 0.67578125 0.47734375 0.0234375 0.03125
1 0.43359375 0.390625 0.7265625 0.78125