1 0.5 0.5 1 1
3 0.4265625 0.4171875 0.071875 0.0765625
3 0.51875 0.45703125 0.05 0.0515625
3 0.55390625 0.47890625 0.084375 0.0875
3 0.54296875 0.53125 0.053125 0.0765625
3 0.3671875 0.3625 0.1 0.1078125
3 0.38984375 0.45859375 0.065625 0.09375
3 0.43828125 0.4703125 0.0546875 0.06875
3 0.56796875 0.55859375 0.040625 0.0484375
3 0.4828125 0.5375 0.128125 0.1296875
3 0.6265625 0.515625 0.0234375 0.0265625
3 0.68046875 0.59375 0.125 0.146875
3 0.65078125 0.521875 0.0265625 0.0296875
3 0.36484375 0.6859375 0.109375 0.13125
3 0.2796875 0.51015625 0.084375 0.0875
3 0.0171875 0.7015625 0.034375 0.165625