1 0.53515625 0.5 0.9296875 1
3 0.68515625 0.6703125 0.1671875 0.2109375
3 0.87578125 0.76796875 0.1796875 0.21875
3 0.59296875 0.8171875 0.08125 0.109375
3 0.67890625 0.9328125 0.1 0.08125
3 0.19921875 0.83671875 0.1109375 0.125
3 0.18984375 0.6578125 0.08125 0.1453125
3 0.3484375 0.6484375 0.090625 0.1015625
3 0.69140625 0.496875 0.1453125 0.1640625
3 0.95234375 0.68671875 0.0953125 0.1453125
3 0.8375 0.3015625 0.0921875 0.0921875
3 0.48125 0.63515625 0.09375 0.0890625
3 0.565625 0.70859375 0.1046875 0.125
3 0.42109375 0.8234375 0.0953125 0.1109375
3 0.58671875 0.9171875 0.075 0.090625
3 0.18359375 0.92109375 0.0609375 0.08125
3 0.25 0.70390625 0.0671875 0.071875
3 0.19140625 0.70625 0.04375 0.0625
3 0.27890625 0.659375 0.084375 0.0953125
3 0.72109375 0.86015625 0.08125 0.0875
3 0.76796875 0.8109375 0.0796875 0.065625
3 0.38828125 0.79453125 0.0703125 0.084375