1 0.55859375 0.465625 0.79765625 0.9078125
3 0.6390625 0.684375 0.12890625 0.184375
3 0.803125 0.81328125 0.1421875 0.1890625
3 0.5234375 0.80703125 0.0625 0.09609375
3 0.58359375 0.93359375 0.08671875 0.0640625
3 0.14375 0.753125 0.08984375 0.1078125
3 0.16796875 0.58046875 0.0546875 0.13359375
3 0.32109375 0.6 0.07265625 0.0859375
3 0.6765625 0.5203125 0.1171875 0.14140625
3 0.89296875 0.75078125 0.071875 0.13125
3 0.853125 0.36015625 0.07578125 0.07734375
3 0.45078125 0.6125 0.078125 0.07265625
3 0.51796875 0.6984375 0.08359375 0.1078125
3 0.35859375 0.78125 0.07578125 0.09609375
3 0.49921875 0.9015625 0.05859375 0.07890625
3 0.11328125 0.83125 0.04765625 0.07109375
3 0.2171875 0.6359375 0.0546875 0.0609375
3 0.16015625 0.6265625 0.0328125 0.05546875
3 0.25234375 0.59765625 0.06796875 0.08125
3 0.6375 0.87265625 0.0671875 0.07265625
3 0.6921875 0.834375 0.06953125 0.05078125
3 0.3328125 0.74765625 0.05625 0.07265625