1 0.54375 0.4859375 0.9125 0.971875
3 0.6734375 0.66328125 0.159375 0.2078125
3 0.86015625 0.771875 0.171875 0.2140625
3 0.57265625 0.80625 0.0765625 0.1078125
3 0.653125 0.9265625 0.0984375 0.078125
3 0.1765625 0.80546875 0.1078125 0.1234375
3 0.1765625 0.625 0.075 0.1453125
3 0.3359375 0.62265625 0.0859375 0.0984375
3 0.6890625 0.48984375 0.140625 0.1609375
3 0.94296875 0.69453125 0.0921875 0.14375
3 0.846875 0.30078125 0.0890625 0.090625
3 0.4703125 0.6171875 0.090625 0.0859375
3 0.5515625 0.69453125 0.1 0.121875
3 0.40078125 0.80234375 0.0921875 0.109375
3 0.56171875 0.90625 0.071875 0.0890625
3 0.15703125 0.88984375 0.059375 0.0796875
3 0.23515625 0.67421875 0.0640625 0.0703125
3 0.17578125 0.6734375 0.040625 0.0609375
3 0.26484375 0.63046875 0.08125 0.09375
3 0.7 0.85703125 0.0796875 0.084375
3 0.74921875 0.80859375 0.078125 0.0625
3 0.36875 0.77265625 0.06875 0.0828125