3 0.37578125 0.3609375 0.37578125 0.3828125
3 0.74375 0.5890625 0.40078125 0.31484375
3 0.8453125 0.33203125 0.30859375 0.41015625
3 0.59921875 0.18984375 0.35859375 0.30625
3 0.28828125 0.07890625 0.2953125 0.1578125
3 0.07265625 0.590625 0.128125 0.58203125
3 0.29296875 0.6640625 0.453125 0.33671875
3 0.6453125 0.87578125 0.2734375 0.2484375
3 0.9359375 0.7890625 0.12734375 0.35078125
3 0.13046875 0.3078125 0.20625 0.1921875
3 0.06953125 0.146875 0.13203125 0.2078125
3 0.27578125 0.93046875 0.27109375 0.128125