3 0.3859375 0.8359375 0.15625 0.328125
3 0.53125 0.66015625 0.15 0.23359375
3 0.21484375 0.30390625 0.13125 0.19296875
3 0.26171875 0.76640625 0.121875 0.3203125
3 0.07734375 0.75234375 0.13515625 0.21796875
3 0.4609375 0.2 0.13125 0.19609375
3 0.65390625 0.47890625 0.13203125 0.234375
3 0.91953125 0.46875 0.1609375 0.34296875
3 0.78046875 0.2359375 0.1265625 0.24921875
3 0.8328125 0.82265625 0.12109375 0.23359375
3 0.74921875 0.64609375 0.175 0.209375
3 0.29375 0.50859375 0.14609375 0.215625
3 0.38515625 0.56953125 0.13828125 0.15
3 0.03828125 0.309375 0.07421875 0.32890625
3 0.07421875 0.553125 0.1078125 0.14765625
3 0.6421875 0.23359375 0.13203125 0.24375
3 0.30625 0.1140625 0.175 0.22734375
3 0.1421875 0.11484375 0.134375 0.2296875
3 0.9171875 0.1390625 0.15 0.278125
3 0.4828125 0.41484375 0.18046875 0.25078125
3 0.70234375 0.86640625 0.12421875 0.2671875
3 0.1859375 0.5078125 0.0984375 0.2375
3 0.565625 0.15078125 0.08046875 0.24375
3 0.53984375 0.88203125 0.15625 0.2359375
3 0.70859375 0.08125 0.06875 0.1625
3 0.8015625 0.1125 0.11484375 0.22421875