3 0.1609375 0.484375 0.1609375 0.171875
3 0.1375 0.6921875 0.0890625 0.090625
3 0.24765625 0.9203125 0.0453125 0.0640625
3 0.57734375 0.85078125 0.109375 0.1375
3 0.39453125 0.8390625 0.078125 0.1125
3 0.31640625 0.77890625 0.121875 0.1375
3 0.278125 0.603125 0.21875 0.2625
3 0.48359375 0.7265625 0.146875 0.1828125
3 0.3890625 0.74453125 0.0890625 0.1453125
3 0.58671875 0.74921875 0.1015625 0.1265625
3 0.6828125 0.75703125 0.115625 0.146875
3 0.30625 0.30625 0.1578125 0.23125
3 0.53828125 0.278125 0.15 0.2171875
3 0.61640625 0.41328125 0.1375 0.1640625
3 0.78984375 0.2625 0.1171875 0.1375
3 0.68671875 0.14140625 0.09375 0.096875
3 0.5828125 0.16953125 0.0609375 0.06875
3 0.42109375 0.31484375 0.0875 0.125
3 0.45703125 0.52265625 0.2515625 0.2796875
3 0.67734375 0.5859375 0.215625 0.2546875
3 0.8484375 0.52890625 0.2015625 0.2375
3 0.7546875 0.36953125 0.20625 0.14375