3 0.17421875 0.1828125 0.1859375 0.2140625
3 0.1453125 0.33125 0.16171875 0.13203125
3 0.3703125 0.80546875 0.175 0.2140625
3 0.7296875 0.4109375 0.13984375 0.26015625
3 0.465625 0.55859375 0.1203125 0.1859375
3 0.596875 0.70625 0.171875 0.20859375
3 0.1359375 0.7171875 0.2453125 0.3265625
3 0.2609375 0.325 0.10703125 0.2703125
3 0.91875 0.71328125 0.11484375 0.221875
3 0.3875 0.0953125 0.09453125 0.15234375
3 0.5 0.25 0.09921875 0.14765625
3 0.33515625 0.5046875 0.10625 0.11953125
3 0.36953125 0.3671875 0.10390625 0.12734375
3 0.86328125 0.403125 0.10703125 0.1578125
3 0.8453125 0.17421875 0.09375 0.2484375
3 0.63515625 0.1625 0.0953125 0.18984375