3 0.175 0.403125 0.128125 0.140625
3 0.10859375 0.59375 0.07109375 0.0734375
3 0.16171875 0.834375 0.03203125 0.05703125
3 0.48671875 0.83984375 0.08125 0.1171875
3 0.31796875 0.78984375 0.05390625 0.09921875
3 0.2578125 0.715625 0.09296875 0.115625
3 0.26015625 0.54140625 0.165625 0.22265625
3 0.42578125 0.70234375 0.109375 0.15625
3 0.33359375 0.6984375 0.059375 0.13046875
3 0.51796875 0.74609375 0.07578125 0.10859375
3 0.60703125 0.77421875 0.08515625 0.1265625
3 0.35078125 0.26796875 0.11015625 0.20390625
3 0.575 0.29140625 0.10390625 0.1921875
3 0.61875 0.43515625 0.1046875 0.1390625
3 0.81484375 0.33046875 0.08984375 0.11640625
3 0.74375 0.1953125 0.0734375 0.0796875
3 0.63984375 0.1984375 0.046875 0.05859375
3 0.45625 0.3 0.06171875 0.109375
3 0.4453125 0.50390625 0.1953125 0.23203125
3 0.63828125 0.61171875 0.1640625 0.215625
3 0.81171875 0.5953125 0.15390625 0.2
3 0.7578125 0.425 0.18046875 0.1015625