3 0.08359375 0.2015625 0.1671875 0.265625
3 0.07421875 0.3625 0.1484375 0.18125
3 0.39921875 0.8265625 0.2390625 0.2703125
3 0.6984375 0.3171875 0.2109375 0.3140625
3 0.446875 0.5375 0.171875 0.228125
3 0.621875 0.66640625 0.234375 0.265625
3 0.15546875 0.775 0.2796875 0.3953125
3 0.1703125 0.33203125 0.178125 0.3171875
3 0.9421875 0.596875 0.115625 0.265625
3 0.26015625 0.0890625 0.1234375 0.1171875
3 0.41171875 0.1953125 0.140625 0.1828125
3 0.2921875 0.509375 0.1421875 0.153125
3 0.29765625 0.353125 0.1421875 0.1609375
3 0.840625 0.27734375 0.153125 0.1953125
3 0.7703125 0.0890625 0.15 0.178125
3 0.53984375 0.08984375 0.1421875 0.1796875