3 0.13125 0.21640625 0.2125 0.2390625
3 0.1203125 0.3703125 0.178125 0.153125
3 0.4046875 0.8203125 0.2015625 0.2375
3 0.71640625 0.378125 0.171875 0.2796875
3 0.4703125 0.559375 0.14375 0.203125
3 0.61953125 0.6921875 0.1984375 0.23125
3 0.15859375 0.76015625 0.2875 0.359375
3 0.23515625 0.34921875 0.140625 0.2859375
3 0.9359375 0.659375 0.128125 0.2375
3 0.33359375 0.1015625 0.1140625 0.165625
3 0.465625 0.24375 0.1171875 0.1609375
3 0.33203125 0.52109375 0.1203125 0.1328125
3 0.35 0.378125 0.1203125 0.140625
3 0.84921875 0.35390625 0.1265625 0.171875
3 0.8015625 0.128125 0.125 0.25625
3 0.59140625 0.1390625 0.11875 0.203125