3 0.346875 0.8421875 0.1921875 0.30625
3 0.5140625 0.696875 0.18125 0.2625
3 0.2109375 0.28671875 0.1578125 0.21875
3 0.21875 0.784375 0.159375 0.353125
3 0.05234375 0.7515625 0.1046875 0.24375
3 0.48359375 0.1984375 0.1578125 0.221875
3 0.66171875 0.5140625 0.1625 0.2625
3 0.9203125 0.5234375 0.159375 0.375
3 0.81875 0.26640625 0.1578125 0.278125
3 0.81875 0.88359375 0.15 0.2328125
3 0.74765625 0.7015625 0.20625 0.2390625
3 0.2765625 0.5125 0.175 0.24375
3 0.36875 0.58671875 0.1609375 0.1734375
3 0.0390625 0.2734375 0.0734375 0.359375
3 0.05078125 0.53828125 0.1015625 0.1640625
3 0.67265625 0.25078125 0.1625 0.271875
3 0.32421875 0.10859375 0.2078125 0.2171875
3 0.1515625 0.10390625 0.1625 0.2078125
3 0.93984375 0.18125 0.1203125 0.296875
3 0.4859375 0.4296875 0.215625 0.284375
3 0.678125 0.8890625 0.153125 0.221875
3 0.16171875 0.5015625 0.1265625 0.2625
3 0.59921875 0.15625 0.1078125 0.2671875
3 0.503125 0.9 0.184375 0.2
3 0.7546875 0.0984375 0.0859375 0.1609375
3 0.85234375 0.14296875 0.1421875 0.2359375