3 0.17265625 0.41171875 0.13125 0.14375
3 0.1078125 0.60546875 0.071875 0.075
3 0.1671875 0.846875 0.0328125 0.0578125
3 0.49453125 0.846875 0.084375 0.11875
3 0.3234375 0.79921875 0.05625 0.1015625
3 0.2609375 0.725 0.0953125 0.11875
3 0.26015625 0.54921875 0.1703125 0.2265625
3 0.43046875 0.709375 0.1125 0.159375
3 0.3375 0.70703125 0.0609375 0.1328125
3 0.52421875 0.75234375 0.078125 0.1109375
3 0.6140625 0.77890625 0.0875 0.128125
3 0.346875 0.271875 0.1140625 0.2078125
3 0.57265625 0.2921875 0.1078125 0.1953125
3 0.6203125 0.43671875 0.1078125 0.1421875
3 0.815625 0.328125 0.0921875 0.11875
3 0.7421875 0.19296875 0.075 0.08125
3 0.6375 0.19765625 0.0484375 0.0609375
3 0.45390625 0.303125 0.0640625 0.1109375
3 0.44609375 0.509375 0.2015625 0.2375
3 0.64296875 0.6140625 0.16875 0.2203125
3 0.8171875 0.59453125 0.159375 0.2046875
3 0.76015625 0.4234375 0.184375 0.10625