3 0.33203125 0.81484375 0.2125 0.3453125
3 0.50703125 0.6703125 0.1921875 0.2609375
3 0.253125 0.25625 0.165625 0.2171875
3 0.21953125 0.72890625 0.178125 0.3421875
3 0.0609375 0.68203125 0.121875 0.2421875
3 0.51875 0.19609375 0.165625 0.2203125
3 0.6625 0.509375 0.1734375 0.259375
3 0.90859375 0.54296875 0.1828125 0.3671875
3 0.83125 0.2890625 0.1703125 0.271875
3 0.7796875 0.87890625 0.1625 0.2421875
3 0.728125 0.69453125 0.2109375 0.240625
3 0.29609375 0.47578125 0.184375 0.2421875
3 0.37734375 0.55390625 0.165625 0.175
3 0.07578125 0.22734375 0.128125 0.346875
3 0.06875 0.48203125 0.134375 0.1671875
3 0.69453125 0.26171875 0.175 0.26875
3 0.3765625 0.10390625 0.215625 0.2078125
3 0.2140625 0.090625 0.175 0.18125
3 0.94296875 0.21875 0.1140625 0.3
3 0.50234375 0.415625 0.225 0.2828125
3 0.64296875 0.878125 0.1703125 0.24375
3 0.1890625 0.45625 0.140625 0.2546875
3 0.63203125 0.165625 0.1234375 0.2578125
3 0.475 0.88046875 0.196875 0.2390625
3 0.78515625 0.12109375 0.096875 0.1640625
3 0.87421875 0.17109375 0.153125 0.2390625