1 0.5609375 0.3890625 0.284375 0.4546875
3 0.47421875 0.50234375 0.0484375 0.0625
3 0.46953125 0.6828125 0.04375 0.0515625
3 0.5203125 0.50078125 0.04375 0.046875
3 0.55859375 0.36328125 0.0703125 0.084375
3 0.57421875 0.415625 0.0671875 0.0859375
3 0.58515625 0.53984375 0.0453125 0.0578125
3 0.584375 0.49609375 0.034375 0.0390625
3 0.6125 0.471875 0.0328125 0.0453125
3 0.59375 0.3203125 0.0515625 0.0625
3 0.65625 0.30078125 0.0359375 0.05
3 0.6265625 0.38046875 0.028125 0.05
3 0.5234375 0.471875 0.0609375 0.0609375