1 0.52109375 0.371875 0.253125 0.434375
3 0.44296875 0.490625 0.0453125 0.059375
3 0.45078125 0.66875 0.0390625 0.046875
3 0.48828125 0.48515625 0.040625 0.04375
3 0.515625 0.34609375 0.065625 0.0796875
3 0.53515625 0.39765625 0.0609375 0.08125
3 0.55546875 0.51875 0.0421875 0.0546875
3 0.55234375 0.47578125 0.0328125 0.0359375
3 0.57734375 0.45078125 0.0296875 0.04375
3 0.54765625 0.3015625 0.046875 0.059375
3 0.60859375 0.278125 0.0328125 0.046875
3 0.584375 0.359375 0.025 0.046875
3 0.48984375 0.45625 0.05625 0.0578125