3 0.32109375 0.1953125 0.2578125 0.265625
3 0.45859375 0.39296875 0.171875 0.184375
3 0.4953125 0.6328125 0.29375 0.24375
3 0.47890625 0.86640625 0.3765625 0.2671875
3 0.015625 0.83125 0.03125 0.221875
3 0.23515625 0.39140625 0.2421875 0.225
3 0.15703125 0.75546875 0.196875 0.1546875
3 0.60703125 0.35234375 0.2671875 0.225
3 0.6921875 0.55234375 0.1890625 0.196875
3 0.8109375 0.8046875 0.34375 0.390625
3 0.15703125 0.59140625 0.3140625 0.2546875
3 0.22734375 0.034375 0.2140625 0.06875
3 0.06953125 0.03046875 0.0796875 0.0609375
3 0.6234375 0.10078125 0.228125 0.196875
3 0.8703125 0.2703125 0.259375 0.50625
3 0.0796875 0.24921875 0.1390625 0.19375
3 0.04765625 0.42734375 0.0953125 0.1703125
3 0.15859375 0.909375 0.25 0.153125