3 0.1375 0.44375 0.275 0.2375
3 0.2765625 0.8234375 0.553125 0.353125
3 0.17421875 0.640625 0.3078125 0.275
3 0.03515625 0.5875 0.0703125 0.165625
3 0.14140625 0.3015625 0.2125 0.196875
3 0.440625 0.57265625 0.2546875 0.240625
3 0.3359375 0.6859375 0.1859375 0.240625
3 0.534375 0.7859375 0.31875 0.278125
3 0.69453125 0.9640625 0.2859375 0.071875
3 0.79921875 0.8921875 0.2828125 0.215625
3 0.64921875 0.553125 0.2390625 0.24375
3 0.4484375 0.3625 0.403125 0.2171875
3 0.86015625 0.64765625 0.2796875 0.3828125
3 0.70703125 0.43359375 0.1515625 0.084375
3 0.31171875 0.409375 0.240625 0.171875