3 0.215625 0.36171875 0.3296875 0.5078125
3 0.3859375 0.52265625 0.2078125 0.2578125
3 0.54609375 0.40859375 0.296875 0.4953125
3 0.41015625 0.16015625 0.2171875 0.3203125
3 0.0953125 0.2265625 0.190625 0.3875
3 0.0671875 0.51015625 0.134375 0.2078125
3 0.184375 0.77421875 0.353125 0.409375
3 0.56796875 0.81796875 0.2765625 0.3640625
3 0.33671875 0.88671875 0.4421875 0.2265625
3 0.80859375 0.67421875 0.3828125 0.4703125
3 0.83046875 0.925 0.275 0.1125
3 0.82734375 0.32265625 0.3453125 0.3890625
3 0.9140625 0.4421875 0.171875 0.31875
3 0.6453125 0.06328125 0.14375 0.1265625
3 0.69609375 0.17421875 0.2265625 0.178125
3 0.5375 0.078125 0.15625 0.15625
3 0.109375 0.93671875 0.14375 0.1265625