3 0.31015625 0.625 0.27265625 0.29609375
3 0.25078125 0.75078125 0.490625 0.41953125
3 0.471875 0.71875 0.165625 0.365625
3 0.15078125 0.5046875 0.240625 0.209375
3 0.35625 0.14375 0.2203125 0.27734375
3 0.5703125 0.125 0.2015625 0.25
3 0.671875 0.3828125 0.18828125 0.22109375
3 0.87890625 0.28671875 0.24140625 0.27734375
3 0.75625 0.1078125 0.1734375 0.2046875
3 0.82734375 0.6578125 0.17421875 0.29140625
3 0.95 0.58671875 0.1 0.34453125
3 0.8109375 0.4609375 0.19453125 0.18671875
3 0.58828125 0.625 0.165625 0.225
3 0.796875 0.86328125 0.40546875 0.2171875
3 0.22578125 0.33046875 0.21484375 0.328125
3 0.42265625 0.446875 0.1921875 0.1875
3 0.0921875 0.14140625 0.184375 0.2515625
3 0.0609375 0.3328125 0.10234375 0.18828125
3 0.70390625 0.65703125 0.0859375 0.18203125
3 0.6125 0.86796875 0.0921875 0.18125
3 0.49765625 0.2734375 0.15625 0.13515625
3 0.92734375 0.065625 0.1453125 0.11796875