3 0.38671875 0.1640625 0.271875 0.2796875
3 0.50546875 0.36875 0.1828125 0.1921875
3 0.5203125 0.6078125 0.3046875 0.2609375
3 0.48203125 0.846875 0.3921875 0.30625
3 0.02890625 0.75703125 0.0578125 0.2265625
3 0.28671875 0.34921875 0.253125 0.2390625
3 0.178125 0.6984375 0.203125 0.1671875
3 0.653125 0.34140625 0.278125 0.240625
3 0.71953125 0.5453125 0.2015625 0.20625
3 0.803125 0.79921875 0.359375 0.4015625
3 0.17734375 0.53359375 0.3546875 0.2796875
3 0.309375 0.02109375 0.2125 0.0421875
3 0.6890625 0.1046875 0.2328125 0.190625
3 0.8859375 0.29375 0.228125 0.490625
3 0.1265625 0.19296875 0.1921875 0.20625
3 0.07890625 0.3640625 0.1484375 0.1796875
3 0.16484375 0.8671875 0.2609375 0.2046875