3 0.59296875 0.51171875 0.1484375 0.2109375
3 0.69609375 0.61640625 0.18125 0.2234375
3 0.546875 0.87421875 0.475 0.2515625
3 0.8296875 0.95234375 0.184375 0.0953125
3 0.82734375 0.715625 0.20625 0.1546875
3 0.11875 0.77421875 0.2375 0.1640625
3 0.1390625 0.928125 0.278125 0.1
3 0.31484375 0.60078125 0.2109375 0.171875
3 0.109375 0.4984375 0.2046875 0.1484375
3 0.30546875 0.41796875 0.190625 0.16875
3 0.43125 0.50390625 0.178125 0.140625
3 0.7875 0.2609375 0.1953125 0.1109375
3 0.771875 0.34921875 0.4078125 0.1421875
3 0.440625 0.259375 0.165625 0.065625
3 0.09765625 0.32890625 0.178125 0.1703125
3 0.81640625 0.83359375 0.165625 0.1453125
3 0.9015625 0.92109375 0.128125 0.1578125
3 0.83984375 0.59921875 0.140625 0.109375
3 0.9453125 0.77265625 0.0703125 0.1265625
3 0.11484375 0.63515625 0.1296875 0.1109375