3 0.12578125 0.56640625 0.2515625 0.2203125
3 0.3546875 0.85546875 0.615625 0.2890625
3 0.22578125 0.72890625 0.2921875 0.259375
3 0.06796875 0.73828125 0.090625 0.15625
3 0.08515625 0.43359375 0.1703125 0.1859375
3 0.440625 0.57109375 0.2421875 0.228125
3 0.38671875 0.71015625 0.175 0.2296875
3 0.6015625 0.72890625 0.3046875 0.2609375
3 0.8296875 0.884375 0.28125 0.171875
3 0.88125 0.78515625 0.2375 0.3328125
3 0.6203125 0.47734375 0.2265625 0.2328125
3 0.3703125 0.378125 0.3890625 0.2
3 0.85703125 0.484375 0.28125 0.36875
3 0.6296875 0.34765625 0.146875 0.078125
3 0.2640625 0.47109375 0.2296875 0.159375