3 0.56796875 0.48828125 0.1203125 0.18671875
3 0.6734375 0.5765625 0.15078125 0.19453125
3 0.56171875 0.846875 0.425 0.22109375
3 0.83515625 0.9203125 0.1609375 0.15859375
3 0.80625 0.65625 0.18125 0.1265625
3 0.13671875 0.78203125 0.23828125 0.1296875
3 0.1578125 0.946875 0.31328125 0.10625
3 0.3171875 0.59921875 0.18359375 0.1421875
3 0.11484375 0.5234375 0.18046875 0.1203125
3 0.28984375 0.4296875 0.16484375 0.1421875
3 0.415625 0.496875 0.15546875 0.11640625
3 0.72421875 0.2359375 0.17421875 0.08671875
3 0.71875 0.3203125 0.37421875 0.09453125
3 0.40078125 0.26953125 0.1515625 0.0453125
3 0.08671875 0.36796875 0.15546875 0.14453125
3 0.80703125 0.7671875 0.14296875 0.121875
3 0.9234375 0.87265625 0.15234375 0.20078125
3 0.80625 0.546875 0.1234375 0.08984375
3 0.93828125 0.6984375 0.0859375 0.1140625
3 0.134375 0.6515625 0.1125 0.09296875