3 0.31953125 0.6515625 0.321875 0.34375
3 0.28125 0.76953125 0.546875 0.4609375
3 0.5 0.728125 0.2203125 0.403125
3 0.13828125 0.54609375 0.2765625 0.25
3 0.30625 0.1546875 0.2609375 0.29375
3 0.52578125 0.11875 0.2390625 0.2375
3 0.665625 0.35234375 0.225 0.2546875
3 0.85546875 0.22734375 0.2625 0.3171875
3 0.7171875 0.08515625 0.203125 0.1703125
3 0.8625 0.6203125 0.21875 0.3265625
3 0.95234375 0.52734375 0.0953125 0.3671875
3 0.8203125 0.415625 0.2265625 0.21875
3 0.609375 0.615625 0.2015625 0.25625
3 0.815625 0.8375 0.36875 0.275
3 0.19375 0.3546875 0.265625 0.3703125
3 0.41328125 0.45078125 0.2234375 0.2203125
3 0.07109375 0.17890625 0.1421875 0.2703125
3 0.04296875 0.37421875 0.0859375 0.2078125
3 0.73359375 0.634375 0.1125 0.2015625
3 0.66640625 0.8671875 0.11875 0.2015625
3 0.46953125 0.26015625 0.1796875 0.1609375
3 0.878125 0.02890625 0.1375 0.0578125