3 0.221875 0.3375 0.26640625 0.45546875
3 0.36796875 0.50625 0.17578125 0.22734375
3 0.53046875 0.4140625 0.23671875 0.4484375
3 0.428125 0.15546875 0.17890625 0.3109375
3 0.1015625 0.19140625 0.1921875 0.36171875
3 0.06328125 0.46171875 0.11875 0.18515625
3 0.1515625 0.7234375 0.303125 0.359375
3 0.51171875 0.82109375 0.23125 0.35546875
3 0.28515625 0.878125 0.4 0.23671875
3 0.76171875 0.6921875 0.340625 0.41328125
3 0.75 0.94453125 0.25546875 0.11015625
3 0.82109375 0.36328125 0.325 0.3390625
3 0.90546875 0.484375 0.1890625 0.28828125
3 0.6609375 0.08203125 0.121875 0.14765625
3 0.69609375 0.2078125 0.2015625 0.14921875
3 0.5578125 0.09140625 0.13359375 0.16015625
3 0.0625 0.9015625 0.12421875 0.16796875