3 0.30078125 0.62265625 0.2859375 0.309375
3 0.24609375 0.7453125 0.4921875 0.440625
3 0.46171875 0.72265625 0.18125 0.375
3 0.14453125 0.4953125 0.2515625 0.2203125
3 0.36484375 0.14140625 0.2328125 0.2828125
3 0.58203125 0.12734375 0.2140625 0.2546875
3 0.6765625 0.39140625 0.1984375 0.2296875
3 0.88046875 0.30078125 0.2390625 0.2890625
3 0.77109375 0.11640625 0.1828125 0.2125
3 0.8234375 0.675 0.1875 0.3
3 0.946875 0.60390625 0.10625 0.3515625
3 0.8140625 0.47421875 0.203125 0.1953125
3 0.5828125 0.6328125 0.1765625 0.2328125
3 0.7828125 0.87890625 0.4140625 0.234375
3 0.2265625 0.32265625 0.2296875 0.3390625
3 0.42109375 0.44609375 0.2015625 0.1953125
3 0.10078125 0.128125 0.1859375 0.25625
3 0.059375 0.31875 0.109375 0.19375
3 0.69921875 0.66953125 0.09375 0.1859375
3 0.59921875 0.8796875 0.1 0.1859375
3 0.50390625 0.27421875 0.1625 0.1421875
3 0.93515625 0.078125 0.1296875 0.125