3 0.121875 0.5 0.240625 0.17109375
3 0.28359375 0.8546875 0.5578125 0.284375
3 0.20078125 0.66484375 0.24140625 0.203125
3 0.04296875 0.6484375 0.0859375 0.1375
3 0.10703125 0.3703125 0.165625 0.14609375
3 0.4234375 0.5546875 0.19765625 0.18046875
3 0.35234375 0.6734375 0.13125 0.19453125
3 0.54609375 0.72578125 0.25234375 0.203125
3 0.73046875 0.92265625 0.2453125 0.15390625
3 0.82109375 0.840625 0.23046875 0.29765625
3 0.6046875 0.49765625 0.18046875 0.1875
3 0.39140625 0.3671875 0.3453125 0.128125
3 0.8203125 0.54296875 0.2109375 0.3109375
3 0.63359375 0.38125 0.13046875 0.0515625
3 0.278125 0.434375 0.19765625 0.11640625