3 0.765625 0.5765625 0.4421875 0.425
3 0.20234375 0.84453125 0.3359375 0.3109375
3 0.51484375 0.2234375 0.2734375 0.284375
3 0.821875 0.10390625 0.25625 0.2078125
3 0.884375 0.2296875 0.19375 0.2921875
3 0.9234375 0.86015625 0.153125 0.1640625
3 0.640625 0.8484375 0.190625 0.140625
3 0.78671875 0.88359375 0.178125 0.1703125
3 0.63203125 0.934375 0.1859375 0.1265625
3 0.45859375 0.9359375 0.1859375 0.128125
3 0.1953125 0.46796875 0.390625 0.2984375
3 0.21015625 0.65 0.23125 0.15625
3 0.40859375 0.61328125 0.221875 0.2078125
3 0.38984375 0.78125 0.1046875 0.103125
3 0.2359375 0.93359375 0.165625 0.1328125
3 0.75859375 0.24375 0.1359375 0.1359375
3 0.55234375 0.41484375 0.1484375 0.1359375
3 0.534375 0.71328125 0.2703125 0.2984375
3 0.9078125 0.759375 0.125 0.121875
3 0.9265625 0.61875 0.146875 0.196875
3 0.05234375 0.66015625 0.075 0.084375