3 0.54375 0.496875 0.1390625 0.20625
3 0.66171875 0.584375 0.171875 0.215625
3 0.55625 0.87421875 0.465625 0.2515625
3 0.85078125 0.91953125 0.178125 0.134375
3 0.80703125 0.66171875 0.2 0.1453125
3 0.12265625 0.83125 0.2171875 0.1484375
3 0.16171875 0.9703125 0.2765625 0.059375
3 0.2828125 0.628125 0.203125 0.1609375
3 0.08046875 0.55625 0.1609375 0.1375
3 0.24453125 0.44921875 0.1828125 0.1609375
3 0.3828125 0.5140625 0.171875 0.1328125
3 0.69609375 0.21796875 0.190625 0.1015625
3 0.6953125 0.309375 0.4046875 0.121875
3 0.353125 0.271875 0.1640625 0.05625
3 0.05546875 0.3921875 0.1109375 0.159375
3 0.8140625 0.7796875 0.159375 0.1375
3 0.928125 0.878125 0.14375 0.20625
3 0.8015625 0.5453125 0.1359375 0.103125
3 0.95 0.69921875 0.0984375 0.1265625
3 0.090625 0.69453125 0.125 0.1046875