3 0.221875 0.325 0.3171875 0.5015625
3 0.38828125 0.49296875 0.203125 0.253125
3 0.5546875 0.38359375 0.284375 0.490625
3 0.42734375 0.14296875 0.2078125 0.2859375
3 0.096875 0.1984375 0.19375 0.35625
3 0.065625 0.46796875 0.13125 0.2046875
3 0.175 0.73828125 0.34375 0.4015625
3 0.56328125 0.8078125 0.2703125 0.384375
3 0.32578125 0.875 0.4421875 0.25
3 0.81171875 0.659375 0.3765625 0.4625
3 0.825 0.9234375 0.2765625 0.128125
3 0.8359375 0.30625 0.328125 0.38125
3 0.92265625 0.43203125 0.1546875 0.3140625
3 0.6671875 0.0515625 0.140625 0.103125
3 0.71484375 0.153125 0.225 0.171875
3 0.559375 0.06328125 0.15 0.1265625
3 0.09296875 0.91953125 0.1421875 0.1609375