3 0.74765625 0.6109375 0.346875 0.32890625
3 0.190625 0.7671875 0.29296875 0.24921875
3 0.5796875 0.25859375 0.21171875 0.2234375
3 0.88125 0.17578125 0.203125 0.20859375
3 0.9203125 0.321875 0.159375 0.24375
3 0.89140625 0.89609375 0.2140625 0.1171875
3 0.59375 0.83359375 0.15703125 0.1015625
3 0.71875 0.8875 0.13984375 0.13125
3 0.5734375 0.91015625 0.15390625 0.08828125
3 0.41796875 0.89609375 0.15 0.1140625
3 0.21640625 0.425 0.40625 0.21328125
3 0.2421875 0.5890625 0.19296875 0.10859375
3 0.425 0.5875 0.17578125 0.159375
3 0.38125 0.73359375 0.08203125 0.0796875
3 0.21953125 0.85625 0.13125 0.11953125
3 0.79375 0.3140625 0.10625 0.10546875
3 0.5828125 0.43359375 0.11875 0.10390625
3 0.52109375 0.696875 0.20546875 0.2375
3 0.8453125 0.79609375 0.09765625 0.0953125
3 0.88984375 0.675 0.1171875 0.16015625
3 0.0796875 0.5734375 0.09765625 0.06640625