3 0.8 0.60703125 0.4 0.4515625
3 0.27109375 0.87578125 0.3859375 0.2484375
3 0.55546875 0.26875 0.290625 0.3
3 0.82890625 0.11875 0.2203125 0.2375
3 0.9046875 0.25546875 0.159375 0.2875
3 0.96640625 0.85234375 0.0671875 0.1015625
3 0.7265625 0.890625 0.1984375 0.153125
3 0.8671875 0.88203125 0.171875 0.1171875
3 0.715625 0.94453125 0.1765625 0.0734375
3 0.5421875 0.9609375 0.178125 0.078125
3 0.2265625 0.54375 0.453125 0.334375
3 0.278125 0.7203125 0.2390625 0.1703125
3 0.4765625 0.66953125 0.234375 0.221875
3 0.46875 0.83984375 0.1109375 0.1078125
3 0.32265625 0.965625 0.1703125 0.06875
3 0.803125 0.271875 0.14375 0.14375
3 0.60625 0.45859375 0.15625 0.1453125
3 0.61015625 0.76171875 0.2875 0.3140625
3 0.96171875 0.78203125 0.0765625 0.1296875
3 0.95859375 0.6390625 0.0828125 0.2
3 0.1 0.7453125 0.1203125 0.0984375