3 0.36484375 0.2265625 0.21796875 0.22578125
3 0.50234375 0.39609375 0.1453125 0.15703125
3 0.55 0.61015625 0.2515625 0.20390625
3 0.55078125 0.83984375 0.32578125 0.24765625
3 0.06953125 0.821875 0.13515625 0.19765625
3 0.3 0.409375 0.20625 0.190625
3 0.25234375 0.7421875 0.16875 0.12890625
3 0.6328125 0.35 0.2296875 0.1875
3 0.72265625 0.525 0.1609375 0.16640625
3 0.84765625 0.78828125 0.28515625 0.41875
3 0.19921875 0.59609375 0.3578125 0.21171875
3 0.27109375 0.05703125 0.18828125 0.11328125
3 0.0890625 0.06171875 0.1453125 0.11640625
3 0.63203125 0.121875 0.19609375 0.1640625
3 0.87890625 0.25234375 0.228125 0.45859375
3 0.12734375 0.2921875 0.16171875 0.16953125
3 0.1125 0.45390625 0.1171875 0.14765625
3 0.26484375 0.89921875 0.21953125 0.15703125