3 0.23671875 0.59140625 0.3203125 0.2890625
3 0.4421875 0.6609375 0.1265625 0.115625
3 0.40859375 0.79609375 0.096875 0.078125
3 0.11015625 0.83359375 0.18125 0.1609375
3 0.071875 0.728125 0.14375 0.246875
3 0.03515625 0.57578125 0.0703125 0.0953125
3 0.32578125 0.5328125 0.121875 0.115625
3 0.5796875 0.53828125 0.08125 0.0625
3 0.459375 0.61484375 0.1078125 0.0703125
3 0.37421875 0.6421875 0.071875 0.0578125
3 0.3734375 0.62734375 0.09375 0.0890625
3 0.228125 0.72734375 0.0734375 0.0796875
3 0.1609375 0.740625 0.1140625 0.090625