1 0.553125 0.70859375 0.69375 0.55
3 0.3703125 0.84765625 0.10625 0.09609375
3 0.52890625 0.69140625 0.0890625 0.12109375
3 0.5234375 0.840625 0.08125 0.09765625
3 0.62578125 0.77109375 0.0640625 0.08359375
3 0.84375 0.76171875 0.084375 0.08984375
3 0.4234375 0.79296875 0.0625 0.07734375
3 0.21171875 0.84453125 0.0703125 0.07265625
3 0.2828125 0.81328125 0.059375 0.08125
3 0.7046875 0.66953125 0.059375 0.08125
3 0.69140625 0.62734375 0.0578125 0.07109375
3 0.67890625 0.80546875 0.0421875 0.04375