3 0.24609375 0.65546875 0.3046875 0.2671875
3 0.46640625 0.665625 0.11875 0.10625
3 0.47109375 0.80703125 0.09375 0.0703125
3 0.18984375 0.92578125 0.1734375 0.1484375
3 0.10390625 0.84296875 0.1703125 0.2328125
3 0.0453125 0.69921875 0.065625 0.0875
3 0.31640625 0.57421875 0.1140625 0.10625
3 0.5671875 0.50859375 0.078125 0.05625
3 0.47109375 0.61640625 0.10625 0.0609375
3 0.39453125 0.66640625 0.06875 0.053125
3 0.38984375 0.65234375 0.0890625 0.0828125
3 0.27578125 0.78984375 0.0671875 0.075
3 0.21328125 0.821875 0.109375 0.0828125