3 0.2625 0.64609375 0.271875 0.23359375
3 0.471875 0.67421875 0.10625 0.09375
3 0.4640625 0.809375 0.084375 0.06015625
3 0.18671875 0.9 0.1546875 0.12890625
3 0.0953125 0.81328125 0.178125 0.21015625
3 0.05390625 0.67109375 0.0828125 0.07890625
3 0.33671875 0.57421875 0.1015625 0.09375
3 0.58046875 0.53203125 0.0703125 0.04765625
3 0.4796875 0.62734375 0.096875 0.05
3 0.403125 0.66875 0.0625 0.04609375
3 0.4 0.65546875 0.078125 0.07265625
3 0.2796875 0.77734375 0.059375 0.06640625
3 0.21796875 0.80234375 0.0984375 0.07109375