3 0.33984375 0.30078125 0.178125 0.253125
3 0.71171875 0.4859375 0.234375 0.33125
3 0.77734375 0.8109375 0.225 0.378125
3 0.57265625 0.76171875 0.2 0.309375
3 0.23046875 0.884375 0.3140625 0.23125
3 0.04765625 0.86328125 0.0953125 0.2734375
3 0.13828125 0.71328125 0.215625 0.196875
3 0.43359375 0.8734375 0.075 0.178125
3 0.92265625 0.96171875 0.1546875 0.0765625
3 0.93203125 0.8515625 0.1359375 0.2171875
3 0.41484375 0.68125 0.2375 0.175
3 0.35859375 0.52421875 0.25625 0.2375
3 0.53046875 0.4421875 0.1703125 0.175
3 0.12421875 0.50703125 0.2484375 0.2484375
3 0.153125 0.30859375 0.23125 0.2046875
3 0.26171875 0.11015625 0.1875 0.1875
3 0.06640625 0.12265625 0.1328125 0.21875
3 0.4328125 0.14140625 0.2125 0.2828125
3 0.72265625 0.196875 0.2109375 0.3765625
3 0.92421875 0.09140625 0.1515625 0.1828125
3 0.91484375 0.33203125 0.15 0.3078125
3 0.9671875 0.465625 0.065625 0.184375
3 0.93359375 0.6375 0.10625 0.21875
3 0.98984375 0.71484375 0.0203125 0.2734375
3 0.57578125 0.940625 0.265625 0.11875
3 0.83828125 0.28984375 0.125 0.246875
3 0.25390625 0.0171875 0.1 0.034375