3 0.3390625 0.38671875 0.2609375 0.2125
3 0.67890625 0.7828125 0.2359375 0.3
3 0.359375 0.58046875 0.184375 0.309375
3 0.29453125 0.8125 0.271875 0.29375
3 0.4875 0.771875 0.2046875 0.2265625
3 0.78671875 0.884375 0.3015625 0.23125
3 0.0359375 0.8125 0.071875 0.171875
3 0.02578125 0.6015625 0.0515625 0.15625
3 0.19765625 0.571875 0.3390625 0.2609375
3 0.2078125 0.35546875 0.1375 0.1921875
3 0.590625 0.459375 0.2484375 0.2609375
3 0.77890625 0.4296875 0.25 0.21875
3 0.76328125 0.61875 0.2921875 0.3890625
3 0.7359375 0.1984375 0.528125 0.396875
3 0.30625 0.20703125 0.128125 0.15625
3 0.0859375 0.35390625 0.1640625 0.1984375
3 0.9171875 0.86953125 0.0765625 0.2515625
3 0.96484375 0.18984375 0.0703125 0.1203125
3 0.80625 0.13984375 0.1125 0.11875
3 0.6375 0.12421875 0.1140625 0.1640625
3 0.446875 0.2046875 0.05625 0.084375
3 0.37890625 0.05703125 0.0921875 0.1140625