3 0.48203125 0.7453125 0.43515625 0.2703125
3 0.1046875 0.73359375 0.2046875 0.18984375
3 0.703125 0.30859375 0.15625 0.19609375
3 0.85234375 0.36640625 0.15 0.3359375
3 0.7859375 0.465625 0.14140625 0.12890625
3 0.7953125 0.6609375 0.2796875 0.2359375
3 0.95390625 0.64453125 0.0921875 0.1109375
3 0.95390625 0.446875 0.0921875 0.25
3 0.32109375 0.490625 0.284375 0.23828125
3 0.1109375 0.58203125 0.159375 0.146875
3 0.20078125 0.45625 0.146875 0.15
3 0.16875 0.41015625 0.2421875 0.196875
3 0.02890625 0.40703125 0.0578125 0.184375
3 0.3671875 0.30546875 0.184375 0.1140625
3 0.553125 0.403125 0.103125 0.13203125
3 0.55625 0.25859375 0.15703125 0.2046875
3 0.6828125 0.78515625 0.03359375 0.0609375
3 0.86640625 0.796875 0.0359375 0.034375
3 0.74765625 0.77890625 0.0671875 0.05859375
3 0.32890625 0.89609375 0.03046875 0.028125
3 0.76328125 0.8875 0.025 0.02578125