3 0.7640625 0.2015625 0.096875 0.090625
3 0.2015625 0.33984375 0.1171875 0.0984375
3 0.8359375 0.59453125 0.1 0.109375
3 0.47578125 0.66953125 0.1078125 0.103125
3 0.70390625 0.7703125 0.1078125 0.1140625
3 0.1140625 0.8390625 0.1359375 0.1234375
3 0.25078125 0.9890625 0.1171875 0.021875
3 0.50078125 0.7203125 0.9984375 0.559375
3 0.7171875 0.2921875 0.5578125 0.3953125
3 0.2328125 0.40078125 0.465625 0.3109375
3 0.96328125 0.840625 0.0734375 0.190625
3 0.83046875 0.86171875 0.0953125 0.1640625
3 0.42109375 0.94296875 0.1359375 0.1140625
3 0.2046875 0.628125 0.109375 0.1203125