3 0.34921875 0.38671875 0.1703125 0.2484375
3 0.16796875 0.71953125 0.209375 0.33515625
3 0.31875 0.84609375 0.18359375 0.22890625
3 0.21171875 0.9203125 0.1671875 0.159375
3 0.05390625 0.92578125 0.10703125 0.1484375
3 0.03671875 0.68046875 0.0734375 0.28359375
3 0.078125 0.26171875 0.1546875 0.26796875
3 0.0578125 0.47265625 0.115625 0.159375
3 0.44765625 0.7515625 0.2375 0.259375
3 0.3640625 0.57578125 0.16640625 0.13984375
3 0.19765625 0.346875 0.14296875 0.1265625
3 0.1859375 0.1515625 0.128125 0.14765625
3 0.2828125 0.2171875 0.11875 0.1859375
3 0.27578125 0.090625 0.1359375 0.1328125
3 0.165625 0.05 0.1 0.06640625
3 0.48046875 0.94453125 0.196875 0.1109375
3 0.6484375 0.946875 0.16171875 0.10546875
3 0.70078125 0.9109375 0.10390625 0.125
3 0.61796875 0.73359375 0.14453125 0.196875
3 0.81953125 0.80859375 0.25 0.28046875
3 0.9640625 0.90234375 0.071875 0.1953125
3 0.93828125 0.7734375 0.096875 0.09140625
3 0.94453125 0.58828125 0.1109375 0.12890625
3 0.51875 0.50390625 0.18984375 0.21875
3 0.6296875 0.53828125 0.0875 0.18359375
3 0.7125 0.6109375 0.13125 0.18125
3 0.89921875 0.3921875 0.0953125 0.17734375
3 0.91171875 0.4984375 0.0890625 0.096875
3 0.8015625 0.56484375 0.05625 0.08515625