3 0.29453125 0.37109375 0.2171875 0.284375
3 0.70078125 0.50625 0.2875 0.371875
3 0.81015625 0.796875 0.275 0.3546875
3 0.5984375 0.80859375 0.246875 0.34375
3 0.2640625 0.921875 0.34375 0.15625
3 0.09140625 0.92109375 0.0921875 0.1578125
3 0.15078125 0.81953125 0.24375 0.23125
3 0.46953125 0.921875 0.0984375 0.15625
3 0.94609375 0.83671875 0.1078125 0.2171875
3 0.42578125 0.7484375 0.265625 0.2125
3 0.34609375 0.596875 0.2953125 0.2796875
3 0.51015625 0.4875 0.2 0.2046875
3 0.125 0.61015625 0.25 0.2859375
3 0.11875 0.40546875 0.2375 0.2421875
3 0.1875 0.18671875 0.21875 0.21875
3 0.03671875 0.22578125 0.0734375 0.2390625
3 0.3671875 0.1921875 0.2578125 0.3265625
3 0.66953125 0.209375 0.26875 0.415625
3 0.86171875 0.08828125 0.1890625 0.1765625
3 0.8859375 0.3203125 0.196875 0.3359375
3 0.95546875 0.4484375 0.0890625 0.2
3 0.9390625 0.63046875 0.121875 0.2390625
3 0.99296875 0.70078125 0.0140625 0.2828125
3 0.621875 0.95546875 0.278125 0.0890625
3 0.8015625 0.2890625 0.1625 0.2703125
3 0.1640625 0.07734375 0.1125 0.08125