3 0.2921875 0.55234375 0.225 0.2609375
3 0.11640625 0.76875 0.2078125 0.3796875
3 0.60703125 0.85625 0.2296875 0.2859375
3 0.53203125 0.69609375 0.2109375 0.290625
3 0.71875 0.625 0.1875 0.3109375
3 0.85703125 0.76171875 0.1296875 0.1421875
3 0.34296875 0.78984375 0.278125 0.3359375
3 0.23203125 0.365625 0.24375 0.1265625
3 0.56484375 0.46484375 0.1609375 0.2515625
3 0.43984375 0.5015625 0.140625 0.2109375
3 0.8859375 0.54453125 0.1015625 0.2984375
3 0.96328125 0.6421875 0.0734375 0.171875
3 0.0859375 0.51328125 0.171875 0.2859375