3 0.33203125 0.209375 0.3 0.325
3 0.36484375 0.5859375 0.30625 0.36875
3 0.71328125 0.75234375 0.328125 0.3234375
3 0.89296875 0.7265625 0.2140625 0.403125
3 0.65234375 0.87421875 0.4859375 0.2515625
3 0.85546875 0.478125 0.2828125 0.4015625
3 0.315625 0.85703125 0.2078125 0.2703125
3 0.434375 0.80546875 0.203125 0.1921875
3 0.17265625 0.6234375 0.2140625 0.296875
3 0.25 0.37734375 0.3671875 0.3359375
3 0.14296875 0.346875 0.2859375 0.334375
3 0.4828125 0.35703125 0.25625 0.2546875
3 0.5546875 0.49609375 0.215625 0.19375
3 0.63359375 0.11875 0.3359375 0.2375