3 0.57421875 0.46015625 0.2390625 0.33125
3 0.21796875 0.5 0.3265625 0.3109375
3 0.3953125 0.3703125 0.3109375 0.384375
3 0.18359375 0.2421875 0.2390625 0.259375
3 0.33125 0.16640625 0.171875 0.2015625
3 0.24453125 0.06484375 0.2890625 0.1296875
3 0.08203125 0.1109375 0.1015625 0.221875
3 0.0515625 0.33359375 0.09375 0.2265625
3 0.0609375 0.50390625 0.08125 0.0921875
3 0.1234375 0.709375 0.246875 0.309375
3 0.18359375 0.8890625 0.228125 0.175
3 0.03828125 0.86953125 0.0765625 0.1578125
3 0.02734375 0.62421875 0.0546875 0.1796875
3 0.36484375 0.928125 0.1953125 0.1390625
3 0.3828125 0.7125 0.1984375 0.31875
3 0.55546875 0.76484375 0.2234375 0.253125
3 0.578125 0.6453125 0.165625 0.128125
3 0.52890625 0.93515625 0.2078125 0.1296875
3 0.69765625 0.91171875 0.1796875 0.1765625
3 0.725 0.73046875 0.1765625 0.2578125
3 0.83671875 0.95859375 0.1421875 0.0828125
3 0.88125 0.82578125 0.190625 0.2453125
3 0.9203125 0.95859375 0.0625 0.0828125
3 0.8125 0.5453125 0.18125 0.26875
3 0.9078125 0.53515625 0.184375 0.3671875
3 0.82734375 0.25625 0.3453125 0.3875
3 0.58359375 0.09765625 0.3890625 0.1953125
3 0.39453125 0.03046875 0.0671875 0.0609375
3 0.38203125 0.08984375 0.0453125 0.0578125
3 0.8328125 0.0625 0.1453125 0.0671875
3 0.93828125 0.1640625 0.1234375 0.2375
3 0.24921875 0.76171875 0.134375 0.1234375
3 0.2625 0.6640625 0.0984375 0.0890625
3 0.6921875 0.43359375 0.046875 0.071875
3 0.76171875 0.4390625 0.10625 0.1125