3 0.31875 0.32578125 0.1640625 0.234375
3 0.66328125 0.496875 0.21796875 0.30703125
3 0.72421875 0.8 0.209375 0.35390625
3 0.534375 0.75234375 0.184375 0.2859375
3 0.21953125 0.8796875 0.28984375 0.23984375
3 0.04609375 0.86015625 0.0921875 0.2796875
3 0.1328125 0.70703125 0.1984375 0.18203125
3 0.40625 0.85625 0.0703125 0.16484375
3 0.87578125 0.95078125 0.1765625 0.09765625
3 0.89453125 0.8375 0.18125 0.20078125
3 0.38828125 0.67734375 0.21875 0.1609375
3 0.33671875 0.5328125 0.23671875 0.22109375
3 0.4953125 0.45625 0.1578125 0.1625
3 0.11953125 0.51796875 0.234375 0.23125
3 0.14609375 0.3328125 0.21328125 0.1890625
3 0.246875 0.1484375 0.1734375 0.17421875
3 0.0640625 0.16015625 0.12734375 0.203125
3 0.40625 0.17578125 0.19609375 0.2671875
3 0.67265625 0.22890625 0.1953125 0.34921875
3 0.8765625 0.1234375 0.17265625 0.1875
3 0.8515625 0.3546875 0.13828125 0.28515625
3 0.9328125 0.47890625 0.12578125 0.17109375
3 0.86796875 0.6375 0.09765625 0.203125
3 0.95546875 0.70859375 0.0890625 0.2515625
3 0.53828125 0.93203125 0.2453125 0.1359375
3 0.7796875 0.315625 0.11484375 0.228125
3 0.240625 0.0390625 0.09296875 0.078125