3 0.27109375 0.45546875 0.2453125 0.184375
3 0.678125 0.8015625 0.2015625 0.284375
3 0.32265625 0.6484375 0.146875 0.303125
3 0.29453125 0.87578125 0.240625 0.2375
3 0.4828125 0.82109375 0.18125 0.209375
3 0.83046875 0.89140625 0.2984375 0.2171875
3 0.03046875 0.91953125 0.0609375 0.1015625
3 0.159375 0.66484375 0.31875 0.2234375
3 0.13359375 0.4453125 0.115625 0.184375
3 0.5359375 0.48828125 0.2234375 0.240625
3 0.721875 0.42890625 0.2328125 0.19375
3 0.7359375 0.621875 0.25 0.371875
3 0.69296875 0.17890625 0.6140625 0.3578125
3 0.209375 0.27890625 0.1109375 0.146875
3 0.04140625 0.46640625 0.0828125 0.1828125
3 0.94921875 0.85234375 0.071875 0.2625
3 0.88515625 0.15546875 0.0828125 0.1140625
3 0.70234375 0.1328125 0.1 0.109375
3 0.5296875 0.14375 0.0953125 0.159375
3 0.35 0.2546875 0.046875 0.08125
3 0.25859375 0.1125 0.078125 0.115625