3 0.5515625 0.4625 0.19140625 0.29140625
3 0.221875 0.540625 0.2796875 0.26171875
3 0.3734375 0.39921875 0.25546875 0.33359375
3 0.16015625 0.303125 0.20078125 0.22265625
3 0.28984375 0.215625 0.1421875 0.1734375
3 0.196875 0.08984375 0.2578125 0.1796875
3 0.0390625 0.14765625 0.078125 0.2953125
3 0.040625 0.40625 0.07421875 0.20546875
3 0.07421875 0.5625 0.0671875 0.07890625
3 0.15 0.74921875 0.21796875 0.26640625
3 0.2359375 0.9203125 0.2 0.15859375
3 0.0625 0.92109375 0.12421875 0.15703125
3 0.0390625 0.68359375 0.071875 0.1625
3 0.40859375 0.934375 0.1734375 0.13125
3 0.40078125 0.72109375 0.15390625 0.28359375
3 0.56953125 0.75 0.1859375 0.21796875
3 0.5765625 0.63515625 0.1453125 0.1046875
3 0.56640625 0.93203125 0.1828125 0.1359375
3 0.72109375 0.88046875 0.15078125 0.1671875
3 0.725 0.6984375 0.13984375 0.228125
3 0.85859375 0.9328125 0.121875 0.13359375
3 0.90234375 0.77109375 0.1953125 0.21171875
3 0.9578125 0.92734375 0.084375 0.14453125
3 0.78515625 0.51484375 0.14375 0.2375
3 0.90390625 0.49609375 0.1921875 0.33046875
3 0.7984375 0.2421875 0.353125 0.32890625
3 0.51875 0.10078125 0.35 0.190625
3 0.33359375 0.065625 0.05390625 0.08828125
3 0.328125 0.13828125 0.0359375 0.05078125
3 0.75 0.04375 0.13359375 0.08671875
3 0.90625 0.121875 0.1875 0.24375
3 0.28046875 0.7828125 0.11484375 0.10390625
3 0.2828125 0.68828125 0.08515625 0.07421875
3 0.659375 0.42421875 0.03671875 0.0640625
3 0.725 0.421875 0.0890625 0.096875