3 0.2859375 0.54765625 0.21484375 0.25078125
3 0.1109375 0.75546875 0.196875 0.36640625
3 0.58828125 0.8484375 0.21953125 0.27578125
3 0.51875 0.6921875 0.2015625 0.28046875
3 0.7015625 0.62578125 0.178125 0.3
3 0.834375 0.76171875 0.12421875 0.13671875
3 0.33203125 0.7796875 0.265625 0.3234375
3 0.23125 0.3640625 0.2359375 0.11875
3 0.5546875 0.46640625 0.15234375 0.24296875
3 0.43125 0.50078125 0.134375 0.203125
3 0.86640625 0.55078125 0.09453125 0.2890625
3 0.953125 0.64765625 0.09296875 0.1671875
3 0.084375 0.50703125 0.16875 0.27890625