3 0.3 0.3890625 0.2109375 0.2828125
3 0.153125 0.7625 0.2625 0.378125
3 0.3265625 0.871875 0.221875 0.25625
3 0.2234375 0.93671875 0.19375 0.1265625
3 0.084375 0.953125 0.075 0.09375
3 0.0359375 0.73203125 0.0578125 0.3
3 0.0484375 0.2875 0.096875 0.29375
3 0.0375 0.5109375 0.075 0.175
3 0.45 0.76015625 0.2828125 0.303125
3 0.340625 0.5859375 0.1921875 0.16875
3 0.13671875 0.365625 0.165625 0.1515625
3 0.09921875 0.1625 0.153125 0.171875
3 0.2078125 0.21953125 0.1484375 0.2109375
3 0.18515625 0.0953125 0.15625 0.1375
3 0.0640625 0.071875 0.109375 0.05625
3 0.5078125 0.94296875 0.21875 0.1140625
3 0.684375 0.93203125 0.18125 0.1171875
3 0.73671875 0.89453125 0.125 0.1453125
3 0.62578125 0.71875 0.1765625 0.225
3 0.84765625 0.77109375 0.296875 0.3265625
3 0.9796875 0.84375 0.040625 0.2
3 0.9546875 0.71875 0.090625 0.109375
3 0.94140625 0.52265625 0.1171875 0.1515625
3 0.4921875 0.48984375 0.2265625 0.253125
3 0.61328125 0.51171875 0.115625 0.2046875
3 0.709375 0.57734375 0.1609375 0.20625
3 0.87734375 0.32421875 0.1234375 0.1984375
3 0.90390625 0.43359375 0.10625 0.1140625
3 0.796875 0.51796875 0.0703125 0.096875