3 0.79921875 0.2328125 0.08359375 0.07734375
3 0.26015625 0.30625 0.10234375 0.08359375
3 0.82734375 0.6078125 0.084375 0.09453125
3 0.4828125 0.64375 0.09296875 0.0875
3 0.68671875 0.759375 0.0921875 0.09765625
3 0.128125 0.76640625 0.11875 0.1046875
3 0.2421875 0.95859375 0.10546875 0.0828125
3 0.50390625 0.73359375 0.9921875 0.50390625
3 0.75 0.31328125 0.49921875 0.3234375
3 0.2734375 0.36640625 0.434375 0.24921875
3 0.94921875 0.85625 0.1015625 0.17109375
3 0.79609375 0.85859375 0.075 0.14765625
3 0.4046875 0.9234375 0.115625 0.153125
3 0.234375 0.57734375 0.0921875 0.10390625