3 0.33046875 0.43515625 0.21328125 0.15390625
3 0.7203125 0.72265625 0.16640625 0.2484375
3 0.3890625 0.60625 0.11484375 0.26796875
3 0.37890625 0.83046875 0.20625 0.2328125
3 0.5453125 0.753125 0.153125 0.18046875
3 0.86953125 0.853125 0.26015625 0.29375
3 0.096875 0.8953125 0.1390625 0.134375
3 0.05234375 0.7015625 0.10234375 0.13203125
3 0.240625 0.6328125 0.28046875 0.184375
3 0.2046875 0.434375 0.09453125 0.1625
3 0.57265625 0.44765625 0.18984375 0.20625
3 0.7375 0.38125 0.20078125 0.16328125
3 0.76171875 0.55625 0.2046875 0.325
3 0.7125 0.15078125 0.57421875 0.296875
3 0.2625 0.27890625 0.0921875 0.12734375
3 0.0828125 0.4609375 0.14453125 0.1609375
3 0.97265625 0.7515625 0.0546875 0.23515625
3 0.8671875 0.12265625 0.06875 0.09921875
3 0.70078125 0.11328125 0.084375 0.09453125
3 0.54453125 0.134375 0.07734375 0.13984375
3 0.3890625 0.24765625 0.0375 0.071875
3 0.29609375 0.12421875 0.0640625 0.1015625