3 0.77109375 0.178125 0.1015625 0.0953125
3 0.21171875 0.34609375 0.121875 0.10625
3 0.8640625 0.571875 0.1046875 0.1140625
3 0.5046875 0.66796875 0.1140625 0.109375
3 0.73984375 0.75703125 0.1140625 0.1203125
3 0.1484375 0.85859375 0.14375 0.13125
3 0.50234375 0.70703125 0.9953125 0.5859375
3 0.715625 0.2734375 0.5515625 0.4234375
3 0.24296875 0.40859375 0.4859375 0.3390625
3 0.9828125 0.81640625 0.034375 0.1921875
3 0.87265625 0.84453125 0.1046875 0.16875
3 0.4640625 0.94375 0.140625 0.1125
3 0.2296875 0.6390625 0.115625 0.1265625