3 0.54453125 0.765625 0.528125 0.3859375
3 0.15 0.82890625 0.2234375 0.2421875
3 0.69140625 0.24453125 0.2109375 0.246875
3 0.865625 0.27578125 0.2328125 0.396875
3 0.81484375 0.3984375 0.18125 0.16875
3 0.84453125 0.6078125 0.3109375 0.315625
3 0.98671875 0.56328125 0.0265625 0.1265625
3 0.95859375 0.3484375 0.0828125 0.278125
3 0.315625 0.5234375 0.359375 0.31875
3 0.109375 0.665625 0.196875 0.1921875
3 0.178125 0.51171875 0.190625 0.19375
3 0.1421875 0.4671875 0.284375 0.265625
3 0.015625 0.48828125 0.03125 0.2046875
3 0.3265625 0.3125 0.225 0.1625
3 0.54921875 0.37890625 0.1390625 0.165625
3 0.521875 0.221875 0.2140625 0.25625
3 0.77109375 0.7671875 0.05 0.0734375
3 0.971875 0.74140625 0.0453125 0.0453125
3 0.8390625 0.746875 0.0859375 0.078125
3 0.41015625 0.9625 0.0390625 0.0375
3 0.8796875 0.86171875 0.0328125 0.0328125