3 0.48984375 0.1640625 0.278125 0.3046875
3 0.3828125 0.51796875 0.2796875 0.3484375
3 0.6359375 0.79609375 0.30625 0.3015625
3 0.84140625 0.8328125 0.2671875 0.334375
3 0.53046875 0.88671875 0.4734375 0.2265625
3 0.865625 0.6 0.2546875 0.384375
3 0.23828125 0.7453125 0.1875 0.25625
3 0.3640625 0.74296875 0.190625 0.1796875
3 0.19453125 0.4828125 0.1921875 0.2828125
3 0.3546875 0.28671875 0.34375 0.309375
3 0.24921875 0.21171875 0.3078125 0.3109375
3 0.5734375 0.353125 0.2375 0.2375
3 0.5859375 0.50546875 0.2015625 0.178125
3 0.80078125 0.18203125 0.31875 0.2390625