3 0.55859375 0.42421875 0.278125 0.359375
3 0.2234375 0.58984375 0.365625 0.35
3 0.35078125 0.4 0.35625 0.4203125
3 0.11640625 0.35 0.2328125 0.2875
3 0.215625 0.22421875 0.1953125 0.2203125
3 0.12109375 0.14453125 0.2421875 0.1859375
3 0.03046875 0.484375 0.0609375 0.234375
3 0.0703125 0.64921875 0.090625 0.1015625
3 0.19765625 0.83046875 0.3 0.3390625
3 0.32890625 0.940625 0.2484375 0.11875
3 0.15859375 0.96796875 0.1328125 0.0640625
3 0.07578125 0.78046875 0.0859375 0.1859375
3 0.5171875 0.93671875 0.2125 0.1265625
3 0.46015625 0.7375 0.2359375 0.3421875
3 0.6484375 0.72734375 0.2546875 0.2796875
3 0.628125 0.60234375 0.1828125 0.1484375
3 0.6859375 0.9078125 0.225 0.1640625
3 0.84375 0.8296875 0.203125 0.215625
3 0.803125 0.6328125 0.2078125 0.2796875
3 0.9609375 0.83671875 0.078125 0.1453125
3 0.93984375 0.671875 0.1203125 0.2625
3 0.82265625 0.421875 0.2140625 0.290625
3 0.89921875 0.3765625 0.2015625 0.3875
3 0.74765625 0.171875 0.4203125 0.34375
3 0.4390625 0.09375 0.409375 0.1875
3 0.2296875 0.07421875 0.0703125 0.059375
3 0.2375 0.13125 0.0515625 0.0625
3 0.8296875 0.0625 0.178125 0.125
3 0.34609375 0.83359375 0.1484375 0.1390625
3 0.325 0.73203125 0.1109375 0.1015625
3 0.66484375 0.35625 0.0546875 0.078125
3 0.73515625 0.33671875 0.1203125 0.125