3 0.290625 0.58671875 0.271875 0.3
3 0.159375 0.81328125 0.271875 0.3734375
3 0.6609375 0.8265625 0.28125 0.3265625
3 0.55703125 0.68359375 0.2640625 0.328125
3 0.728125 0.5765625 0.2453125 0.3421875
3 0.89140625 0.6859375 0.1546875 0.165625
3 0.3875 0.81015625 0.3375 0.3796875
3 0.1953125 0.41328125 0.2640625 0.1703125
3 0.54453125 0.44765625 0.20625 0.2796875
3 0.42734375 0.50859375 0.1796875 0.234375
3 0.878125 0.46484375 0.1578125 0.3125
3 0.9609375 0.54609375 0.078125 0.1859375
3 0.0953125 0.5859375 0.190625 0.3125