3 0.396875 0.7671875 0.5375 0.4015625
3 0.0625 0.6671875 0.125 0.240625
3 0.7453125 0.34921875 0.21875 0.2515625
3 0.88359375 0.44921875 0.2328125 0.4015625
3 0.79453125 0.540625 0.1859375 0.175
3 0.75625 0.75390625 0.3625 0.325
3 0.915625 0.77265625 0.0921875 0.134375
3 0.95078125 0.55703125 0.0984375 0.2859375
3 0.2859375 0.4515625 0.3671875 0.3296875
3 0.06953125 0.50078125 0.1390625 0.1890625
3 0.1640625 0.38515625 0.196875 0.1984375
3 0.1515625 0.328125 0.2859375 0.26875
3 0.38203125 0.2625 0.228125 0.1703125
3 0.55859375 0.4140625 0.1453125 0.16875
3 0.5984375 0.25859375 0.221875 0.2609375
3 0.6046875 0.8609375 0.0515625 0.075
3 0.8 0.91953125 0.046875 0.046875
3 0.675 0.8703125 0.0875 0.0796875
3 0.19296875 0.89140625 0.0390625 0.0375
3 0.66484375 0.9875 0.0328125 0.025