3 0.3890625 0.33828125 0.240625 0.3015625
3 0.1328125 0.6375 0.265625 0.403125
3 0.23828125 0.8078125 0.25 0.2859375
3 0.11171875 0.84453125 0.2078125 0.1828125
3 0.03203125 0.5609375 0.0640625 0.309375
3 0.14921875 0.14765625 0.2109375 0.2953125
3 0.07421875 0.353125 0.140625 0.1890625
3 0.396875 0.74296875 0.3125 0.33125
3 0.35625 0.53828125 0.2078125 0.1890625
3 0.2421875 0.25703125 0.18125 0.16875
3 0.28046875 0.071875 0.1703125 0.14375
3 0.3640625 0.14375 0.1703125 0.2234375
3 0.38671875 0.04765625 0.1703125 0.0953125
3 0.3828125 0.934375 0.225 0.13125
3 0.55546875 0.9609375 0.1890625 0.078125
3 0.6171875 0.946875 0.140625 0.10625
3 0.57734375 0.76796875 0.2 0.2421875
3 0.765625 0.86015625 0.33125 0.2796875
3 0.871875 0.96171875 0.071875 0.0765625
3 0.88203125 0.88671875 0.0921875 0.109375
3 0.9296875 0.69453125 0.103125 0.153125
3 0.53359375 0.50390625 0.253125 0.2765625
3 0.63984375 0.56796875 0.1390625 0.2140625
3 0.70703125 0.66484375 0.1828125 0.221875
3 0.9421875 0.4859375 0.115625 0.209375
3 0.940625 0.59453125 0.11875 0.1234375
3 0.8109375 0.6390625 0.08125 0.103125