3 0.41328125 0.16328125 0.21953125 0.24921875
3 0.36640625 0.5 0.21484375 0.290625
3 0.63671875 0.715625 0.246875 0.2421875
3 0.86796875 0.790625 0.26015625 0.41875
3 0.55859375 0.871875 0.41171875 0.25625
3 0.8171875 0.5046875 0.18515625 0.328125
3 0.26796875 0.72734375 0.14140625 0.21640625
3 0.38203125 0.70625 0.1546875 0.1421875
3 0.18984375 0.49453125 0.14140625 0.24140625
3 0.3078125 0.29453125 0.28125 0.24453125
3 0.20078125 0.24140625 0.24765625 0.25078125
3 0.515625 0.3234375 0.19140625 0.190625
3 0.55 0.459375 0.16640625 0.13984375
3 0.69921875 0.13515625 0.26875 0.17890625