3 0.5140625 0.47890625 0.175 0.1953125
3 0.88203125 0.60703125 0.2359375 0.2265625
3 0.6625 0.51875 0.1765625 0.2078125
3 0.2828125 0.83828125 0.24375 0.221875
3 0.478125 0.82421875 0.26875 0.25
3 0.1953125 0.61015625 0.203125 0.2296875
3 0.65234375 0.92890625 0.2328125 0.1421875
3 0.8015625 0.93046875 0.184375 0.1390625
3 0.0546875 0.80390625 0.109375 0.2046875
3 0.56484375 0.63359375 0.1703125 0.2140625
3 0.35625 0.31875 0.1484375 0.1828125
3 0.5578125 0.240625 0.18125 0.196875
3 0.81640625 0.38359375 0.171875 0.1359375
3 0.29609375 0.0703125 0.1828125 0.140625
3 0.1625 0.38046875 0.1421875 0.15
3 0.925 0.2078125 0.15 0.1875
3 0.03203125 0.6109375 0.0640625 0.140625
3 0.17578125 0.2203125 0.175 0.165625
3 0.7671875 0.81484375 0.1875 0.2171875
3 0.71015625 0.31640625 0.15625 0.1734375
3 0.53125 0.04296875 0.1625 0.0859375
3 0.14140625 0.03671875 0.0921875 0.0734375
3 0.68125 0.16953125 0.1453125 0.175
3 0.39765625 0.5625 0.1203125 0.1453125
3 0.3609375 0.44375 0.125 0.153125
3 0.26875 0.39765625 0.140625 0.1625
3 0.08671875 0.39296875 0.115625 0.1421875
3 0.12578125 0.56171875 0.134375 0.1484375
3 0.20859375 0.48125 0.13125 0.1421875
3 0.68515625 0.6578125 0.1265625 0.1734375
3 0.915625 0.77265625 0.1015625 0.1859375
3 0.94609375 0.5609375 0.1078125 0.203125
3 0.94921875 0.42109375 0.1015625 0.1453125
3 0.8171875 0.26796875 0.11875 0.153125
3 0.78984375 0.15390625 0.134375 0.175
3 0.13203125 0.8484375 0.1453125 0.1484375
3 0.30703125 0.56875 0.1515625 0.1953125