3 0.49453125 0.48671875 0.1328125 0.159375
3 0.87109375 0.52265625 0.19453125 0.171875
3 0.6421875 0.490625 0.13125 0.1734375
3 0.36328125 0.875 0.1984375 0.16953125
3 0.540625 0.81640625 0.2171875 0.19375
3 0.22890625 0.68359375 0.1546875 0.18828125
3 0.7359375 0.9125 0.190625 0.175
3 0.87421875 0.8734375 0.13984375 0.16875
3 0.09296875 0.91171875 0.17734375 0.159375
3 0.57734375 0.61953125 0.1234375 0.18125
3 0.31015625 0.37578125 0.10859375 0.15390625
3 0.4796875 0.25546875 0.13828125 0.1609375
3 0.753125 0.32890625 0.1453125 0.096875
3 0.19453125 0.1421875 0.146875 0.1375
3 0.1453125 0.47734375 0.1109375 0.1203125
3 0.84296875 0.1328125 0.175 0.1421875
3 0.0546875 0.72890625 0.0859375 0.11796875
3 0.12109375 0.32578125 0.14140625 0.12890625
3 0.8078125 0.74140625 0.13984375 0.18046875
3 0.6390625 0.29140625 0.11953125 0.1421875
3 0.40703125 0.0515625 0.14296875 0.103125
3 0.03828125 0.1421875 0.07421875 0.10625
3 0.57890625 0.1609375 0.10703125 0.14609375
3 0.40546875 0.5921875 0.08828125 0.12265625
3 0.34453125 0.48984375 0.0921875 0.128125
3 0.24765625 0.46875 0.1046875 0.13359375
3 0.078125 0.50703125 0.08359375 0.1203125
3 0.153125 0.6546875 0.103125 0.1203125
3 0.2109375 0.5609375 0.10078125 0.1140625
3 0.6953125 0.61484375 0.08828125 0.15
3 0.953125 0.671875 0.09375 0.16875
3 0.9421875 0.46328125 0.115625 0.18046875
3 0.8921875 0.33125 0.0828125 0.12265625
3 0.72734375 0.221875 0.08515625 0.13046875
3 0.67578125 0.12109375 0.09609375 0.1484375
3 0.22578125 0.91953125 0.1140625 0.11796875
3 0.3234375 0.61875 0.10859375 0.165625