3 0.49375 0.47109375 0.171875 0.19375
3 0.88203125 0.41796875 0.2359375 0.2203125
3 0.64453125 0.4390625 0.1734375 0.20625
3 0.45078125 0.89296875 0.2421875 0.2140625
3 0.61796875 0.7953125 0.265625 0.246875
3 0.26953125 0.7328125 0.2015625 0.2265625
3 0.83828125 0.84375 0.2328125 0.2171875
3 0.93984375 0.77265625 0.1203125 0.2046875
3 0.1890625 0.94609375 0.20625 0.1078125
3 0.60859375 0.5859375 0.1671875 0.2125
3 0.2796875 0.40078125 0.146875 0.18125
3 0.4234375 0.2390625 0.178125 0.1953125
3 0.71953125 0.25 0.1703125 0.1328125
3 0.10703125 0.19140625 0.18125 0.1734375
3 0.13671875 0.54375 0.140625 0.1484375
3 0.76484375 0.06015625 0.2109375 0.1203125
3 0.103125 0.815625 0.109375 0.1390625
3 0.08125 0.39453125 0.1625 0.1640625
3 0.871875 0.65546875 0.184375 0.215625
3 0.59453125 0.23828125 0.1546875 0.171875
3 0.30703125 0.0671875 0.1609375 0.1015625
3 0.50234375 0.11953125 0.14375 0.1734375
3 0.428125 0.5984375 0.11875 0.1453125
3 0.34140625 0.509375 0.1234375 0.1515625
3 0.23828125 0.5109375 0.1375 0.1609375
3 0.07421875 0.5890625 0.1140625 0.1421875
3 0.1859375 0.721875 0.1328125 0.146875
3 0.22265625 0.61171875 0.1296875 0.140625
3 0.728125 0.553125 0.125 0.1734375
3 0.96796875 0.55 0.0640625 0.1875
3 0.92890625 0.3421875 0.134375 0.2046875
3 0.86171875 0.21953125 0.1125 0.14375
3 0.66875 0.146875 0.1171875 0.153125
3 0.59140625 0.07109375 0.1328125 0.1421875
3 0.321875 0.95 0.14375 0.1
3 0.35 0.6453125 0.1484375 0.19375