3 0.0375 0.27109375 0.071875 0.3390625
3 0.71796875 0.32578125 0.2375 0.4546875
3 0.303125 0.83203125 0.2828125 0.334375
3 0.07734375 0.68828125 0.1546875 0.1640625
3 0.51796875 0.58046875 0.2125 0.2359375
3 0.5765625 0.8765625 0.246875 0.165625
3 0.08828125 0.8453125 0.1765625 0.146875
3 0.18515625 0.5515625 0.33125 0.1328125
3 0.36484375 0.43515625 0.1640625 0.146875
3 0.1546875 0.13359375 0.1890625 0.20625
3 0.49296875 0.25234375 0.140625 0.1796875
3 0.64140625 0.05234375 0.2015625 0.103125
3 0.9125 0.87421875 0.165625 0.2515625
3 0.78046875 0.68359375 0.1796875 0.1859375
3 0.328125 0.29453125 0.1140625 0.125
3 0.471875 0.0453125 0.196875 0.090625
3 0.9046875 0.1359375 0.190625 0.19375
3 0.9421875 0.671875 0.1125 0.178125
3 0.95234375 0.428125 0.0953125 0.140625
3 0.171875 0.4 0.128125 0.1171875
3 0.134375 0.29609375 0.13125 0.1203125
3 0.31484375 0.17421875 0.0984375 0.096875
3 0.0609375 0.0296875 0.10625 0.059375
3 0.775 0.9171875 0.153125 0.1203125
3 0.9421875 0.028125 0.115625 0.04375