3 0.065625 0.31640625 0.12421875 0.3171875
3 0.7296875 0.35390625 0.2140625 0.4203125
3 0.35234375 0.83671875 0.26015625 0.309375
3 0.10703125 0.70390625 0.20390625 0.15
3 0.546875 0.5953125 0.1953125 0.21640625
3 0.60625 0.86953125 0.228125 0.15
3 0.13046875 0.85078125 0.20546875 0.1296875
3 0.2359375 0.5734375 0.3078125 0.11796875
3 0.4015625 0.46171875 0.15078125 0.134375
3 0.20078125 0.18359375 0.1734375 0.1890625
3 0.51796875 0.2890625 0.12890625 0.16484375
3 0.65546875 0.07421875 0.18671875 0.1484375
3 0.92265625 0.86875 0.1546875 0.24375
3 0.79375 0.68671875 0.16484375 0.1703125
3 0.36484375 0.33125 0.1046875 0.11484375
3 0.496875 0.078125 0.18359375 0.121875
3 0.90703125 0.17421875 0.1859375 0.178125
3 0.94765625 0.67578125 0.10390625 0.16484375
3 0.953125 0.446875 0.09296875 0.12890625
3 0.22109375 0.43125 0.11796875 0.10703125
3 0.18515625 0.33515625 0.1203125 0.11015625
3 0.35078125 0.21875 0.08984375 0.0890625
3 0.08203125 0.06015625 0.1609375 0.11953125
3 0.7921875 0.9046875 0.14140625 0.11015625
3 0.940625 0.0484375 0.11875 0.09375