3 0.0546875 0.3734375 0.109375 0.3375
3 0.715625 0.33359375 0.271875 0.4578125
3 0.38671875 0.84921875 0.3015625 0.3015625
3 0.128125 0.76796875 0.2140625 0.1796875
3 0.559375 0.60390625 0.2265625 0.246875
3 0.6546875 0.8765625 0.253125 0.1828125
3 0.1640625 0.91796875 0.2265625 0.1578125
3 0.2375 0.6203125 0.3296875 0.159375
3 0.39375 0.484375 0.171875 0.15625
3 0.153125 0.22578125 0.2015625 0.215625
3 0.490625 0.29375 0.153125 0.1859375
3 0.603125 0.07109375 0.209375 0.1421875
3 0.94140625 0.828125 0.1171875 0.25
3 0.8234375 0.66640625 0.190625 0.1953125
3 0.33984375 0.35625 0.121875 0.13125
3 0.44296875 0.0796875 0.203125 0.1484375
3 0.8671875 0.12578125 0.2015625 0.2046875
3 0.95625 0.63359375 0.0875 0.1796875
3 0.95 0.40078125 0.0984375 0.1421875
3 0.20546875 0.4765625 0.134375 0.125
3 0.15546875 0.3828125 0.1375 0.128125
3 0.3109375 0.2421875 0.103125 0.1015625
3 0.05078125 0.1125 0.1015625 0.13125
3 0.84921875 0.8890625 0.159375 0.13125
3 0.8859375 0.02265625 0.121875 0.0453125