3 0.33671875 0.70546875 0.18828125 0.16171875
3 0.3890625 0.8796875 0.15625 0.240625
3 0.47265625 0.96328125 0.15546875 0.07265625
3 0.73359375 0.93046875 0.27890625 0.1390625
3 0.6609375 0.86875 0.17578125 0.14921875
3 0.55 0.43515625 0.15078125 0.18046875
3 0.6296875 0.55703125 0.215625 0.209375
3 0.36171875 0.178125 0.22265625 0.1953125
3 0.26953125 0.52578125 0.2015625 0.15625
3 0.94453125 0.778125 0.1109375 0.28046875
3 0.93515625 0.94609375 0.12890625 0.1078125
3 0.26015625 0.1 0.1609375 0.1671875
3 0.709375 0.20859375 0.21640625 0.15859375
3 0.72890625 0.33671875 0.2765625 0.12109375
3 0.78203125 0.49609375 0.12265625 0.17890625
3 0.52578125 0.8140625 0.19140625 0.24765625
3 0.7203125 0.6765625 0.1375 0.18984375
3 0.81953125 0.77265625 0.21171875 0.225
3 0.13828125 0.90078125 0.26953125 0.1984375
3 0.0625 0.5234375 0.1234375 0.20546875
3 0.1203125 0.2984375 0.2296875 0.17421875
3 0.54375 0.13125 0.13359375 0.12578125
3 0.490625 0.3390625 0.17265625 0.18984375
3 0.9515625 0.15546875 0.096875 0.146875
3 0.92265625 0.5171875 0.1546875 0.228125
3 0.3703125 0.41640625 0.0859375 0.253125
3 0.040625 0.1359375 0.08046875 0.1703125
3 0.9296875 0.084375 0.140625 0.16875
3 0.9578125 0.3046875 0.08359375 0.19453125
3 0.0921875 0.675 0.17265625 0.20078125