3 0.3125 0.6984375 0.2234375 0.2015625
3 0.33828125 0.86953125 0.1984375 0.240625
3 0.40859375 0.96796875 0.1671875 0.0640625
3 0.68125 0.9515625 0.30625 0.096875
3 0.61640625 0.91640625 0.2078125 0.1671875
3 0.58203125 0.45859375 0.1875 0.2140625
3 0.640625 0.5984375 0.259375 0.2546875
3 0.434375 0.159375 0.2640625 0.2421875
3 0.27578125 0.50078125 0.2359375 0.1984375
3 0.90234375 0.86484375 0.1234375 0.2703125
3 0.34296875 0.08046875 0.1953125 0.1609375
3 0.7859375 0.25390625 0.2515625 0.203125
3 0.7828125 0.38984375 0.30625 0.175
3 0.809375 0.5640625 0.159375 0.20625
3 0.4875 0.8453125 0.2421875 0.290625
3 0.71171875 0.73828125 0.1765625 0.221875
3 0.796875 0.85546875 0.259375 0.2703125
3 0.1140625 0.8453125 0.228125 0.21875
3 0.07265625 0.459375 0.1453125 0.234375
3 0.1640625 0.2390625 0.2671875 0.221875
3 0.63046875 0.14453125 0.159375 0.1546875
3 0.53671875 0.3484375 0.2125 0.2265625
3 0.98984375 0.23828125 0.0203125 0.1640625
3 0.92421875 0.60546875 0.1515625 0.2578125
3 0.39921875 0.40703125 0.134375 0.2765625
3 0.11171875 0.075 0.1109375 0.15
3 0.97265625 0.165625 0.0546875 0.18125
3 0.98125 0.3921875 0.0375 0.209375
3 0.08671875 0.62265625 0.1734375 0.2390625