3 0.365625 0.73203125 0.209375 0.1828125
3 0.428125 0.890625 0.178125 0.21875
3 0.52421875 0.978125 0.1671875 0.04375
3 0.7984375 0.9296875 0.303125 0.125
3 0.71953125 0.8890625 0.1953125 0.16875
3 0.578125 0.43203125 0.1703125 0.2015625
3 0.66875 0.5578125 0.240625 0.234375
3 0.3625 0.16796875 0.2484375 0.221875
3 0.284375 0.54453125 0.2234375 0.178125
3 0.97421875 0.77734375 0.0515625 0.3015625
3 0.97265625 0.9375 0.0546875 0.078125
3 0.25078125 0.09609375 0.1796875 0.175
3 0.734375 0.18125 0.2390625 0.1828125
3 0.7625 0.3171875 0.3015625 0.1453125
3 0.82890625 0.484375 0.140625 0.1984375
3 0.5734375 0.83828125 0.2171875 0.275
3 0.77265625 0.6796875 0.15625 0.2109375
3 0.88203125 0.7765625 0.2359375 0.253125
3 0.16484375 0.91953125 0.2953125 0.1609375
3 0.0671875 0.55078125 0.134375 0.2265625
3 0.1203125 0.309375 0.240625 0.2
3 0.5546875 0.1078125 0.1484375 0.1421875
3 0.509375 0.3328125 0.1953125 0.2125
3 0.95859375 0.11171875 0.0515625 0.1609375
3 0.9453125 0.4984375 0.109375 0.25
3 0.38515625 0.421875 0.10625 0.275
3 0.03203125 0.1375 0.0640625 0.184375
3 0.93203125 0.0640625 0.0984375 0.128125
3 0.9734375 0.2703125 0.040625 0.2109375
3 0.10390625 0.71328125 0.1953125 0.2234375