3 0.8453125 0.76796875 0.309375 0.3921875
3 0.1734375 0.7859375 0.321875 0.428125
3 0.40859375 0.81171875 0.2875 0.3234375
3 0.5953125 0.62265625 0.325 0.3078125
3 0.3578125 0.584375 0.2453125 0.240625
3 0.86015625 0.5515625 0.2734375 0.265625
3 0.546875 0.31484375 0.2296875 0.228125
3 0.21796875 0.31953125 0.209375 0.24375
3 0.11796875 0.5015625 0.2359375 0.26875
3 0.0484375 0.36796875 0.096875 0.2046875
3 0.69765625 0.28671875 0.1796875 0.215625
3 0.86875 0.37265625 0.2296875 0.29375
3 0.5921875 0.475 0.2546875 0.234375
3 0.38203125 0.23125 0.1546875 0.2296875
3 0.65859375 0.1609375 0.1234375 0.109375