3 0.24453125 0.87109375 0.15 0.196875
3 0.64296875 0.55390625 0.2 0.1421875
3 0.334375 0.68828125 0.2140625 0.184375
3 0.0640625 0.78125 0.128125 0.153125
3 0.275 0.45703125 0.21875 0.18125
3 0.72265625 0.95234375 0.1421875 0.0953125
3 0.8953125 0.921875 0.1875 0.15625
3 0.91640625 0.5484375 0.1671875 0.1828125
3 0.36796875 0.146875 0.1796875 0.1296875
3 0.05703125 0.38671875 0.1140625 0.1625
3 0.61328125 0.01640625 0.13125 0.03125
3 0.8921875 0.290625 0.215625 0.115625
3 0.578125 0.20234375 0.1234375 0.1015625
3 0.6984375 0.23046875 0.128125 0.1203125
3 0.465625 0.815625 0.125 0.1
3 0.64765625 0.80390625 0.1234375 0.0765625
3 0.646875 0.89296875 0.153125 0.103125
3 0.06640625 0.66484375 0.1328125 0.0953125
3 0.2671875 0.22421875 0.1953125 0.1609375
3 0.4515625 0.28828125 0.159375 0.140625
3 0.67734375 0.43046875 0.1890625 0.1421875
3 0.7671875 0.68203125 0.1265625 0.1359375
3 0.6375 0.67421875 0.1296875 0.0953125
3 0.03359375 0.22421875 0.059375 0.128125
3 0.63828125 0.09921875 0.1515625 0.10625
3 0.89765625 0.39765625 0.1015625 0.1
3 0.20859375 0.35 0.196875 0.121875
3 0.45390625 0.6671875 0.1296875 0.1796875