3 0.4546875 0.33203125 0.19140625 0.17578125
3 0.078125 0.60546875 0.15625 0.31015625
3 0.29765625 0.57890625 0.1734375 0.2328125
3 0.359375 0.12265625 0.11328125 0.228125
3 0.515625 0.509375 0.15859375 0.26953125
3 0.80234375 0.44765625 0.18828125 0.22578125
3 0.2203125 0.884375 0.0984375 0.15
3 0.525 0.7953125 0.15703125 0.23515625
3 0.13984375 0.3015625 0.1328125 0.13828125
3 0.7265625 0.265625 0.1140625 0.2140625
3 0.75078125 0.79453125 0.1578125 0.1984375
3 0.8703125 0.17890625 0.1484375 0.1875
3 0.50703125 0.1625 0.12578125 0.1953125
3 0.33984375 0.83671875 0.103125 0.13984375
3 0.64921875 0.60078125 0.1765625 0.2140625
3 0.07578125 0.34921875 0.12890625 0.18359375
3 0.896875 0.83671875 0.15234375 0.175
3 0.17265625 0.71015625 0.1546875 0.225
3 0.09140625 0.92578125 0.18203125 0.14765625
3 0.23984375 0.40078125 0.09296875 0.16953125
3 0.71953125 0.0515625 0.14453125 0.10234375
3 0.7828125 0.93671875 0.128125 0.1265625
3 0.68046875 0.43046875 0.09375 0.1640625
3 0.409375 0.59375 0.0921875 0.1484375
3 0.39921875 0.73046875 0.10625 0.13203125
3 0.36171875 0.94140625 0.1265625 0.1171875
3 0.47734375 0.93125 0.1046875 0.1375
3 0.95078125 0.14140625 0.09765625 0.19375
3 0.2703125 0.203125 0.09609375 0.115625
3 0.9359375 0.6609375 0.128125 0.121875
3 0.596875 0.9546875 0.109375 0.090625