3 0.446875 0.28828125 0.2484375 0.2359375
3 0.11484375 0.6734375 0.2296875 0.371875
3 0.33984375 0.5921875 0.24375 0.29375
3 0.3 0.12265625 0.1609375 0.1984375
3 0.55625 0.46328125 0.2375 0.328125
3 0.84765625 0.32578125 0.2578125 0.2890625
3 0.33359375 0.9234375 0.1421875 0.153125
3 0.6375 0.76875 0.2265625 0.2921875
3 0.10234375 0.3328125 0.1765625 0.18125
3 0.721875 0.15 0.175 0.2578125
3 0.87890625 0.71171875 0.21875 0.2515625
3 0.83671875 0.0671875 0.1703125 0.134375
3 0.46015625 0.1046875 0.1765625 0.209375
3 0.45 0.85859375 0.1453125 0.175
3 0.721875 0.528125 0.2421875 0.2734375
3 0.06875 0.40078125 0.1375 0.2296875
3 0.96953125 0.72734375 0.0609375 0.2109375
3 0.23828125 0.7640625 0.221875 0.2796875
3 0.203125 0.95390625 0.225 0.0921875
3 0.23359375 0.41484375 0.1421875 0.2046875
3 0.9328125 0.84765625 0.134375 0.1484375
3 0.71328125 0.33828125 0.140625 0.2
3 0.4640625 0.5796875 0.1359375 0.1828125
3 0.48671875 0.7296875 0.146875 0.1671875
3 0.49296875 0.94140625 0.1578125 0.1171875
3 0.61875 0.9171875 0.1421875 0.1546875
3 0.21796875 0.19453125 0.13125 0.1484375
3 0.98125 0.53359375 0.0375 0.1390625
3 0.7515625 0.91171875 0.1359375 0.109375