3 0.44453125 0.3140625 0.2125 0.196875
3 0.05703125 0.5921875 0.1140625 0.3375
3 0.2671875 0.57421875 0.1953125 0.2578125
3 0.3484375 0.10390625 0.128125 0.2078125
3 0.503125 0.50703125 0.18125 0.2953125
3 0.8125 0.4515625 0.2109375 0.25
3 0.171875 0.9 0.1109375 0.1640625
3 0.50234375 0.815625 0.178125 0.259375
3 0.1078125 0.26875 0.146875 0.153125
3 0.73828125 0.253125 0.13125 0.234375
3 0.74453125 0.82265625 0.1765625 0.21875
3 0.89609375 0.16484375 0.165625 0.20625
3 0.50625 0.13359375 0.1421875 0.2140625
3 0.30234375 0.85234375 0.115625 0.1546875
3 0.64296875 0.61015625 0.196875 0.2375
3 0.0546875 0.315625 0.103125 0.196875
3 0.9 0.87421875 0.1703125 0.19375
3 0.12734375 0.7109375 0.175 0.2484375
3 0.065625 0.9203125 0.13125 0.134375
3 0.2109375 0.3796875 0.10625 0.1859375
3 0.7359375 0.03984375 0.153125 0.06875
3 0.775 0.95390625 0.140625 0.0921875
3 0.6828125 0.42890625 0.10625 0.18125
3 0.3859375 0.59375 0.1046875 0.1640625
3 0.36953125 0.740625 0.11875 0.1453125
3 0.3203125 0.946875 0.1359375 0.0984375
3 0.446875 0.9421875 0.1171875 0.115625
3 0.96328125 0.1234375 0.0734375 0.209375
3 0.2515625 0.16875 0.1078125 0.128125
3 0.93671875 0.68515625 0.11875 0.1328125
3 0.5734375 0.9671875 0.11875 0.065625