3 0.7453125 0.859375 0.396875 0.28125
3 0.12421875 0.6890625 0.2484375 0.4875
3 0.296875 0.77578125 0.290625 0.321875
3 0.53515625 0.67734375 0.325 0.309375
3 0.3375 0.55390625 0.246875 0.2421875
3 0.7984375 0.71484375 0.2734375 0.265625
3 0.6078125 0.38515625 0.23125 0.228125
3 0.31328125 0.265625 0.2109375 0.2421875
3 0.1390625 0.3859375 0.278125 0.275
3 0.1140625 0.234375 0.165625 0.20625
3 0.753125 0.4171875 0.1828125 0.2140625
3 0.87421875 0.5578125 0.2328125 0.290625
3 0.58828125 0.5453125 0.2546875 0.2359375
3 0.49296875 0.2484375 0.159375 0.225
3 0.765625 0.290625 0.1234375 0.109375