3 0.29609375 0.84609375 0.13515625 0.17734375
3 0.65625 0.54921875 0.18046875 0.12734375
3 0.37578125 0.67734375 0.19375 0.165625
3 0.1109375 0.76953125 0.15390625 0.13671875
3 0.3171875 0.46640625 0.19765625 0.16328125
3 0.73671875 0.92265625 0.1296875 0.09921875
3 0.8953125 0.8890625 0.16953125 0.15078125
3 0.915625 0.53984375 0.16875 0.1640625
3 0.39765625 0.18125 0.16328125 0.115625
3 0.0859375 0.409375 0.16875 0.1484375
3 0.62265625 0.0421875 0.11953125 0.0671875
3 0.89140625 0.30703125 0.2171875 0.1046875
3 0.590625 0.228125 0.11171875 0.09140625
3 0.70234375 0.25234375 0.115625 0.10859375
3 0.49765625 0.79140625 0.11328125 0.0890625
3 0.6640625 0.778125 0.11171875 0.06875
3 0.665625 0.86015625 0.13828125 0.0921875
3 0.10625 0.66328125 0.175 0.08515625
3 0.30703125 0.253125 0.1765625 0.14453125
3 0.4765625 0.309375 0.14296875 0.12578125
3 0.68515625 0.4359375 0.17109375 0.1265625
3 0.771875 0.66484375 0.1140625 0.12265625
3 0.653125 0.659375 0.1171875 0.08515625
3 0.03828125 0.596875 0.06953125 0.11328125
3 0.0609375 0.26015625 0.121875 0.1140625
3 0.64453125 0.1328125 0.1375 0.09453125
3 0.88671875 0.40234375 0.0921875 0.08984375
3 0.25546875 0.3703125 0.17890625 0.1078125
3 0.48515625 0.65625 0.115625 0.16328125