3 0.82109375 0.8328125 0.3578125 0.325
3 0.125 0.7703125 0.25 0.4484375
3 0.35390625 0.790625 0.225 0.265625
3 0.55625 0.64765625 0.26328125 0.24453125
3 0.34453125 0.575 0.19921875 0.19140625
3 0.8109375 0.62578125 0.22109375 0.2109375
3 0.5609375 0.359375 0.1859375 0.18203125
3 0.259375 0.31015625 0.1625 0.2015625
3 0.1203125 0.4609375 0.22734375 0.21796875
3 0.065625 0.328125 0.12578125 0.17421875
3 0.70390625 0.3578125 0.1390625 0.17890625
3 0.846875 0.46328125 0.1734375 0.2453125
3 0.57734375 0.51328125 0.2078125 0.18359375
3 0.4234375 0.25625 0.1109375 0.196875
3 0.68828125 0.23671875 0.10234375 0.08515625