3 0.340625 0.87734375 0.1609375 0.1984375
3 0.6625 0.525 0.2 0.1546875
3 0.396875 0.69609375 0.2203125 0.1953125
3 0.1421875 0.8265625 0.175 0.1609375
3 0.3078125 0.48984375 0.2234375 0.19375
3 0.79765625 0.89296875 0.1453125 0.11875
3 0.92734375 0.83515625 0.1453125 0.1765625
3 0.91328125 0.47890625 0.1734375 0.1890625
3 0.3484375 0.1890625 0.18125 0.140625
3 0.0796875 0.46171875 0.159375 0.1703125
3 0.55390625 0.02734375 0.1296875 0.0546875
3 0.8609375 0.2453125 0.225 0.1328125
3 0.55078125 0.21015625 0.1265625 0.1078125
3 0.6671875 0.21875 0.1328125 0.1265625
3 0.53671875 0.79375 0.1265625 0.10625
3 0.703125 0.75625 0.1234375 0.0859375
3 0.71640625 0.8390625 0.153125 0.1140625
3 0.121875 0.71953125 0.1890625 0.1109375
3 0.26640625 0.27578125 0.2 0.171875
3 0.446875 0.3078125 0.1625 0.1484375
3 0.6765625 0.40625 0.190625 0.1515625
3 0.79609375 0.6265625 0.1328125 0.140625
3 0.67578125 0.6375 0.13125 0.103125
3 0.04765625 0.66015625 0.075 0.125
3 0.04296875 0.31328125 0.0859375 0.1328125
3 0.5921875 0.10625 0.153125 0.115625
3 0.87578125 0.34375 0.10625 0.1046875
3 0.23125 0.4015625 0.196875 0.134375
3 0.5046875 0.6578125 0.140625 0.1828125