1 0.55390625 0.6109375 0.88203125 0.31171875
3 0.2171875 0.54140625 0.18203125 0.14609375
3 0.434375 0.590625 0.1671875 0.11015625
3 0.63203125 0.62421875 0.18984375 0.1203125
3 0.25 0.67421875 0.140625 0.11328125
3 0.42890625 0.734375 0.08828125 0.07578125
3 0.890625 0.7109375 0.06484375 0.10234375
3 0.94609375 0.6109375 0.0546875 0.07890625
3 0.94453125 0.6125 0.05546875 0.07890625
3 0.88515625 0.6109375 0.0671875 0.07578125
3 0.7921875 0.6515625 0.0703125 0.06875
3 0.78984375 0.5828125 0.1125 0.11171875
3 0.74140625 0.76484375 0.05234375 0.07734375
3 0.35546875 0.6578125 0.08125 0.0953125
3 0.42578125 0.665625 0.05703125 0.0609375
3 0.6515625 0.71015625 0.05234375 0.065625
3 0.509375 0.70859375 0.0703125 0.04765625