1 0.53046875 0.64453125 0.9296875 0.4921875
3 0.21875 0.51015625 0.215625 0.1859375
3 0.4328125 0.6046875 0.1953125 0.146875
3 0.62890625 0.67890625 0.2203125 0.1625
3 0.2265625 0.65390625 0.1671875 0.1453125
3 0.3984375 0.7515625 0.10625 0.0953125
3 0.87890625 0.81953125 0.0875 0.11875
3 0.9453125 0.725 0.0546875 0.0890625
3 0.94453125 0.72578125 0.0546875 0.0875
3 0.89296875 0.715625 0.084375 0.0921875
3 0.78828125 0.7390625 0.0859375 0.084375
3 0.8 0.6671875 0.1375 0.1375
3 0.71484375 0.84609375 0.06875 0.090625
3 0.33828125 0.6578125 0.103125 0.1140625
3 0.409375 0.68046875 0.0703125 0.0734375
3 0.63203125 0.77109375 0.0671875 0.078125
3 0.48671875 0.740625 0.08125 0.0625