1 0.5515625 0.59921875 0.896875 0.5078125
3 0.22578125 0.60859375 0.2125 0.1859375
3 0.4515625 0.60703125 0.190625 0.146875
3 0.6546875 0.59609375 0.2140625 0.1625
3 0.2890625 0.73125 0.1640625 0.14375
3 0.47890625 0.75 0.1046875 0.0953125
3 0.92890625 0.621875 0.0875 0.115625
3 0.9609375 0.5109375 0.071875 0.090625
3 0.96015625 0.5125 0.0734375 0.090625
3 0.90078125 0.52421875 0.0828125 0.090625
3 0.81796875 0.5859375 0.084375 0.084375
3 0.8 0.51875 0.1359375 0.1359375
3 0.79453125 0.709375 0.06875 0.0875
3 0.38984375 0.69140625 0.1015625 0.1125
3 0.4609375 0.68359375 0.0703125 0.0734375
3 0.69296875 0.67578125 0.0671875 0.0765625
3 0.55234375 0.70703125 0.0796875 0.0625