1 0.5265625 0.459375 0.859375 0.73125
3 0.646875 0.58203125 0.175 0.1875
3 0.82421875 0.6609375 0.16875 0.1875
3 0.14921875 0.7546875 0.1125 0.1140625
3 0.16015625 0.5953125 0.065625 0.109375
3 0.246875 0.60234375 0.08125 0.08125
3 0.31328125 0.57890625 0.078125 0.0875
3 0.38046875 0.75 0.065625 0.0484375
3 0.371875 0.7296875 0.0828125 0.10625
3 0.5390625 0.71328125 0.075 0.0984375
3 0.51484375 0.7953125 0.0734375 0.0609375
3 0.61015625 0.7921875 0.1015625 0.0859375
3 0.6625 0.74375 0.0765625 0.09375
3 0.71796875 0.69375 0.06875 0.065625
3 0.9671875 0.6890625 0.0609375 0.078125
3 0.86875 0.73828125 0.059375 0.059375
3 0.51484375 0.6171875 0.109375 0.1203125
3 0.49921875 0.55390625 0.0625 0.0703125
3 0.5234375 0.64609375 0.065625 0.0546875
3 0.671875 0.4171875 0.1203125 0.175
3 0.72109375 0.5328125 0.0609375 0.09375
3 0.7171875 0.47734375 0.0953125 0.103125
3 0.84765625 0.5296875 0.078125 0.075
3 0.8375 0.27265625 0.0859375 0.1046875
3 0.91328125 0.58046875 0.0953125 0.121875
3 0.128125 0.83203125 0.04375 0.05625