1 0.5390625 0.453125 0.921875 0.825
3 0.66484375 0.59140625 0.1953125 0.209375
3 0.840625 0.6875 0.1890625 0.2078125
3 0.1375 0.7234375 0.1265625 0.1265625
3 0.16328125 0.56015625 0.0765625 0.1171875
3 0.25078125 0.575 0.0921875 0.090625
3 0.32109375 0.55703125 0.0890625 0.096875
3 0.37578125 0.7390625 0.071875 0.05625
3 0.36796875 0.7171875 0.09375 0.1171875
3 0.54140625 0.715625 0.084375 0.1078125
3 0.509375 0.79765625 0.08125 0.0703125
3 0.60703125 0.80234375 0.1109375 0.096875
3 0.665625 0.7578125 0.0859375 0.103125
3 0.72734375 0.71171875 0.0765625 0.0734375
3 0.96640625 0.728125 0.0328125 0.08125
3 0.878125 0.77109375 0.065625 0.065625
3 0.52578125 0.615625 0.1234375 0.1328125
3 0.515625 0.5484375 0.0703125 0.0765625
3 0.53203125 0.6453125 0.071875 0.0625
3 0.70546875 0.4234375 0.1390625 0.190625
3 0.7453125 0.546875 0.071875 0.1015625
3 0.7453125 0.4890625 0.1078125 0.1140625
3 0.87578125 0.55546875 0.0875 0.084375
3 0.8890625 0.290625 0.096875 0.115625
3 0.9390625 0.61328125 0.109375 0.134375
3 0.1078125 0.80078125 0.0484375 0.0625